WARNING: Parameter active_space is not defined! in the input parametersUse the default value 
WARNING: Parameter active_space is not defined! in the input parametersUse the default value 
WARNING: Parameter active_space is not defined! in the input parametersUse the default value 
WARNING: Parameter active_space is not defined! in the input parametersUse the default value 
WARNING: Parameter active_space is not defined! in the input parametersUse the default value 
WARNING: Parameter active_space is not defined! in the input parametersUse the default value 
WARNING: Parameter active_space is not defined! in the input parametersUse the default value 
WARNING: Parameter active_space is not defined! in the input parametersUse the default value 
WARNING: Parameter active_space is not defined! in the input parametersUse the default value 
WARNING: Parameter active_space is not defined! in the input parametersUse the default value 
2.4190000e+08  4.6992540   6.5078340   7.1202866   7.3800479   7.2503795   8.2202933   8.0044563   7.7756587   8.1932046   8.0864144   8.0395047   8.1674023   8.1251814   8.0435116   8.1519746   8.1982530   8.1731613   8.2083711   8.3198095   8.5390116   8.5383951   8.7635451   8.9722351   8.7813676   8.5909623   8.7649431   8.8219606   8.6696897   8.5957292   
4.6992540   2.4190000e+08  4.3462495   4.4148829   4.3876665   4.3251474   4.5550675   4.5463895   4.5082173   4.5178752   4.4730598   4.4824911   4.4981794   4.4592863   4.3875794   4.3740022   4.3816530   4.3228044   4.3121404   4.3364483   4.4102183   4.4733665   4.5269396   4.5935005   4.5838519   4.5660164   4.6339772   4.6191686   4.5611590   4.6029376   
6.5078340   4.3462495   2.4190000e+08  10.982094   9.1136373   7.8921426   7.4770769   7.1719318   6.8223423   7.0661227   6.8537390   6.8927817   6.9598761   6.8635364   6.8949502   6.9625641   6.8970093   6.8460915   6.7945862   6.8594931   6.9249452   6.8462846   6.8500938   6.9652222   6.8646665   6.7809375   7.1156719   7.2981243   7.1854635   7.1010737   
7.1202866   4.4148829   10.982094   2.4190000e+08  12.314529   8.9432487   8.2181148   8.0238359   7.5153984   7.8462711   7.5655141   7.5395499   7.6153640   7.6160619   7.5385509   7.6222624   7.5206494   7.4246033   7.3925348   7.4662216   7.4287141   7.3146131   7.2792921   7.3222755   7.1891040   7.0760382   7.4963429   7.7716437   7.7043902   7.4736856   
7.3800479   4.3876665   9.1136373   12.314529   2.4190000e+08  11.653170   9.1454620   8.8368784   8.1926605   8.6470202   8.2826372   7.9788396   8.1037467   8.0527216   8.0297705   8.0614132   7.9207698   7.7840347   7.8022814   7.8515530   7.7795683   7.7050331   7.6025004   7.6676595   7.6374783   7.4683506   7.7723689   8.0860964   8.0554441   7.6745541   
7.2503795   4.3251474   7.8921426   8.9432487   11.653170   2.4190000e+08  10.442929   9.6728386   9.1100549   9.3429225   8.6987316   8.3383062   8.3988442   8.2020474   8.2057464   8.2413468   8.0335794   7.8149467   7.8820406   7.9148094   7.8957861   7.9239647   7.8335440   7.8927155   7.9061247   7.7348317   7.8920058   8.1297793   8.0514173   7.6173234   
8.2202933   4.5550675   7.4770769   8.2181148   9.1454620   10.442929   2.4190000e+08  16.981685   12.515519   11.525618   10.365573   9.7693253   9.7966740   9.5220607   9.4423896   9.3050330   9.0334255   8.8562466   8.9607552   9.0810912   8.9965727   8.9854939   8.9778367   9.0463388   8.9685792   8.8360588   8.8180559   8.9178462   8.8548399   8.4788450   
8.0044563   4.5463895   7.1719318   8.0238359   8.8368784   9.6728386   16.981685   2.4190000e+08  15.047292   12.889510   11.024600   9.9928362   10.043492   9.6795985   9.4379460   9.3785832   9.0097044   8.7172151   8.8487453   8.9807353   8.8016862   8.7956948   8.7380182   8.6797492   8.7112422   8.5400393   8.4409400   8.5933902   8.6226027   8.1394374   
7.7756587   4.5082173   6.8223423   7.5153984   8.1926605   9.1100549   12.515519   15.047292   2.4190000e+08  17.259303   13.422066   11.315566   11.060453   10.553909   10.113942   9.9388715   9.4663303   9.1296418   9.2060107   9.1800698   9.0706408   9.1689097   8.9904620   8.8312023   8.7822649   8.6118113   8.4333286   8.5015541   8.4649778   8.0852689   
8.1932046   4.5178752   7.0661227   7.8462711   8.6470202   9.3429225   11.525618   12.889510   17.259303   2.4190000e+08  16.293694   12.235442   12.053444   11.360109   10.696542   10.537358   9.8871150   9.5200175   9.5233926   9.4920109   9.3216058   9.3922125   9.1784482   9.0294850   8.9295456   8.6698266   8.7124757   8.8563300   8.7861140   8.4617040   
8.0864144   4.4730598   6.8537390   7.5655141   8.2826372   8.6987316   10.365573   11.024600   13.422066   16.293694   2.4190000e+08  14.598334   13.436209   12.402887   11.366325   10.976307   10.549425   9.9492349   9.8315495   9.7945556   9.5958394   9.6454350   9.4360016   9.2361244   9.1550340   8.8378831   8.6908757   8.8164872   8.7751796   8.4632333   
8.0395047   4.4824911   6.8927817   7.5395499   7.9788396   8.3383062   9.7693253   9.9928362   11.315566   12.235442   14.598334   2.4190000e+08  19.352655   15.627214   13.536117   12.578260   11.960884   11.030346   10.695076   10.489356   10.318044   10.296535   10.036361   9.8518106   9.6060394   9.2220298   8.9349546   8.9844396   8.8300935   8.6068709   
8.1674023   4.4981794   6.9598761   7.6153640   8.1037467   8.3988442   9.7966740   10.043492   11.060453   12.053444   13.436209   19.352655   2.4190000e+08  19.308093   15.096211   13.648661   12.487678   11.566933   11.236050   11.035737   10.797899   10.703812   10.466024   10.193004   10.048942   9.6462082   9.2736478   9.2816008   9.0935908   8.7885288   
8.1251814   4.4592863   6.8635364   7.6160619   8.0527216   8.2020474   9.5220607   9.6795985   10.553909   11.360109   12.402887   15.627214   19.308093   2.4190000e+08  18.745623   15.546946   13.774053   12.668354   12.274905   11.877774   11.309002   11.126906   10.796893   10.399229   10.202067   9.7648376   9.2923233   9.3290150   9.2054339   8.8138011   
8.0435116   4.3875794   6.8949502   7.5385509   8.0297705   8.2057464   9.4423896   9.4379460   10.113942   10.696542   11.366325   13.536117   15.096211   18.745623   2.4190000e+08  20.475909   16.067209   14.450627   13.821217   12.968030   12.280178   11.841410   11.310516   10.756128   10.559850   10.075293   9.4854679   9.4053384   9.2688040   8.8835432   
8.1519746   4.3740022   6.9625641   7.6222624   8.0614132   8.2413468   9.3050330   9.3785832   9.9388715   10.537358   10.976307   12.578260   13.648661   15.546946   20.475909   2.4190000e+08  19.580273   15.619768   14.675229   13.688315   12.820682   12.176987   11.541800   10.917279   10.724854   10.189830   9.5071655   9.4169174   9.3056360   8.9705074   
8.1982530   4.3816530   6.8970093   7.5206494   7.9207698   8.0335794   9.0334255   9.0097044   9.4663303   9.8871150   10.549425   11.960884   12.487678   13.774053   16.067209   19.580273   2.4190000e+08  19.189950   16.422013   14.879301   13.649524   12.818982   12.109003   11.395370   11.143229   10.460443   9.7425296   9.5977407   9.5264090   9.1302982   
8.1731613   4.3228044   6.8460915   7.4246033   7.7840347   7.8149467   8.8562466   8.7172151   9.1296418   9.5200175   9.9492349   11.030346   11.566933   12.668354   14.450627   15.619768   19.189950   2.4190000e+08  22.050764   17.739181   15.342331   13.943247   12.637788   11.765411   11.360546   10.547717   9.7121063   9.5607475   9.4593718   9.0248935   
8.2083711   4.3121404   6.7945862   7.3925348   7.8022814   7.8820406   8.9607552   8.8487453   9.2060107   9.5233926   9.8315495   10.695076   11.236050   12.274905   13.821217   14.675229   16.422013   22.050764   2.4190000e+08  21.820143   16.715980   14.763373   13.296380   12.051611   11.629675   10.780362   9.7478865   9.6259314   9.4926208   9.0000420   
8.3198095   4.3364483   6.8594931   7.4662216   7.8515530   7.9148094   9.0810912   8.9807353   9.1800698   9.4920109   9.7945556   10.489356   11.035737   11.877774   12.968030   13.688315   14.879301   17.739181   21.820143   2.4190000e+08  20.097337   16.233957   14.150873   12.629002   12.100075   11.031797   10.001678   9.8856915   9.7250548   9.1309031   
8.5390116   4.4102183   6.9249452   7.4287141   7.7795683   7.8957861   8.9965727   8.8016862   9.0706408   9.3216058   9.5958394   10.318044   10.797899   11.309002   12.280178   12.820682   13.649524   15.342331   16.715980   20.097337   2.4190000e+08  20.845147   16.127043   14.084980   13.033214   11.710065   10.466000   10.212675   9.9848396   9.3422886   
8.5383951   4.4733665   6.8462846   7.3146131   7.7050331   7.9239647   8.9854939   8.7956948   9.1689097   9.3922125   9.6454350   10.296535   10.703812   11.126906   11.841410   12.176987   12.818982   13.943247   14.763373   16.233957   20.845147   2.4190000e+08  19.933474   15.487114   14.089734   12.399728   10.823141   10.483639   10.185996   9.6488713   
8.7635451   4.5269396   6.8500938   7.2792921   7.6025004   7.8335440   8.9778367   8.7380182   8.9904620   9.1784482   9.4360016   10.036361   10.466024   10.796893   11.310516   11.541800   12.109003   12.637788   13.296380   14.150873   16.127043   19.933474   2.4190000e+08  19.167366   16.021845   13.557299   11.584805   11.005003   10.610805   10.075915   
8.9722351   4.5935005   6.9652222   7.3222755   7.6676595   7.8927155   9.0463388   8.6797492   8.8312023   9.0294850   9.2361244   9.8518106   10.193004   10.399229   10.756128   10.917279   11.395370   11.765411   12.051611   12.629002   14.084980   15.487114   19.167366   2.4190000e+08  20.833833   15.070392   12.794682   11.878196   11.344084   10.712530   
8.7813676   4.5838519   6.8646665   7.1891040   7.6374783   7.9061247   8.9685792   8.7112422   8.7822649   8.9295456   9.1550340   9.6060394   10.048942   10.202067   10.559850   10.724854   11.143229   11.360546   11.629675   12.100075   13.033214   14.089734   16.021845   20.833833   2.4190000e+08  17.801983   13.365598   12.346773   11.807093   10.892948   
8.5909623   4.5660164   6.7809375   7.0760382   7.4683506   7.7348317   8.8360588   8.5400393   8.6118113   8.6698266   8.8378831   9.2220298   9.6462082   9.7648376   10.075293   10.189830   10.460443   10.547717   10.780362   11.031797   11.710065   12.399728   13.557299   15.070392   17.801983   2.4190000e+08  16.253060   13.913054   12.913147   11.432539   
8.7649431   4.6339772   7.1156719   7.4963429   7.7723689   7.8920058   8.8180559   8.4409400   8.4333286   8.7124757   8.6908757   8.9349546   9.2736478   9.2923233   9.4854679   9.5071655   9.7425296   9.7121063   9.7478865   10.001678   10.466000   10.823141   11.584805   12.794682   13.365598   16.253060   2.4190000e+08  19.818124   15.531905   13.043872   
8.8219606   4.6191686   7.2981243   7.7716437   8.0860964   8.1297793   8.9178462   8.5933902   8.5015541   8.8563300   8.8164872   8.9844396   9.2816008   9.3290150   9.4053384   9.4169174   9.5977407   9.5607475   9.6259314   9.8856915   10.212675   10.483639   11.005003   11.878196   12.346773   13.913054   19.818124   2.4190000e+08  20.127979   14.076343   
8.6696897   4.5611590   7.1854635   7.7043902   8.0554441   8.0514173   8.8548399   8.6226027   8.4649778   8.7861140   8.7751796   8.8300935   9.0935908   9.2054339   9.2688040   9.3056360   9.5264090   9.4593718   9.4926208   9.7250548   9.9848396   10.185996   10.610805   11.344084   11.807093   12.913147   15.531905   20.127979   2.4190000e+08  15.250371   
8.5957292   4.6029376   7.1010737   7.4736856   7.6745541   7.6173234   8.4788450   8.1394374   8.0852689   8.4617040   8.4632333   8.6068709   8.7885288   8.8138011   8.8835432   8.9705074   9.1302982   9.0248935   9.0000420   9.1309031   9.3422886   9.6488713   10.075915   10.712530   10.892948   11.432539   13.043872   14.076343   15.250371   2.4190000e+08  

Time to read / assemble data =  1323.9117465019226
Time to run Markov =  102.34089016914368
