WARNING: Parameter active_space is not defined! in the input parametersUse the default value 
WARNING: Parameter active_space is not defined! in the input parametersUse the default value 
WARNING: Parameter active_space is not defined! in the input parametersUse the default value 
WARNING: Parameter active_space is not defined! in the input parametersUse the default value 
WARNING: Parameter active_space is not defined! in the input parametersUse the default value 
WARNING: Parameter active_space is not defined! in the input parametersUse the default value 
WARNING: Parameter active_space is not defined! in the input parametersUse the default value 
WARNING: Parameter active_space is not defined! in the input parametersUse the default value 
WARNING: Parameter active_space is not defined! in the input parametersUse the default value 
WARNING: Parameter active_space is not defined! in the input parametersUse the default value 
2.4190000e+08  7.9838719   7.9189244   8.1353402   7.8973501   7.7468838   8.2727346   8.5796268   8.5790841   7.7040647   7.2930268   7.3702195   7.7911278   8.2541402   8.2716890   8.5599909   8.7364808   8.7155720   8.4035445   8.0501476   8.0172931   7.9812168   7.9665630   8.0614867   8.2213819   8.1954407   8.2282170   8.1297476   8.1966984   8.3189236   8.2482714   8.1969813   8.3505649   8.2281725   8.2186837   8.2971394   8.1543904   8.1447569   8.2872607   8.2352202   8.2493949   8.1466690   8.0502923   7.9861169   8.0684657   8.1342740   8.0578424   7.9491491   7.9622180   7.9124980   7.7923726   7.8461074   7.8504638   7.9074406   7.9459412   8.0333973   7.8829941   7.9265793   8.0110256   8.0301428   8.0258383   8.0411163   8.1239292   8.1161911   8.2774842   8.2987662   8.3004794   8.4189353   8.4308210   8.4672496   8.4570550   8.3748462   8.3700901   8.3483764   8.3410985   8.2306112   8.1876025   8.2193187   8.2556319   8.2672674   8.2766966   8.2937869   8.2619559   8.2951191   8.3206334   8.3259288   8.2887060   8.2901475   8.2325221   8.2231034   8.1766628   8.2496755   8.2288442   8.2247886   8.2447627   8.1640937   8.1077872   8.1786606   8.0653821   7.9152887   
7.9838719   2.4190000e+08  20.012056   26.765108   22.367299   16.955623   18.038312   17.476191   16.303844   10.765589   10.848562   11.745242   13.813636   16.249755   17.844797   17.325025   15.981000   16.096526   15.006030   13.431854   14.072693   12.861088   13.439269   14.020183   13.796668   13.916260   13.747687   13.637217   14.354300   14.048199   13.796006   14.153981   14.222232   14.405544   14.650780   14.186521   13.733578   14.025517   13.968899   13.899658   14.270825   13.992401   13.514095   13.333865   13.235663   13.050201   13.325128   12.887790   12.775136   12.820625   12.441274   12.399994   12.577861   12.725818   12.598952   12.863499   12.642048   12.711698   13.080724   12.876672   12.862791   13.124639   12.907797   13.046955   13.071536   13.127457   13.178250   13.304824   13.097385   13.107889   13.390126   12.860623   12.786829   12.735804   12.456002   12.364020   12.351845   12.327467   12.526734   12.698208   12.642631   13.051241   13.042856   13.033821   13.203903   13.229938   12.962416   13.321708   13.330922   13.379598   13.237338   13.544191   13.185307   13.093267   13.292811   13.084297   13.118397   13.062093   12.816795   12.806216   
7.9189244   20.012056   2.4190000e+08  16.313463   15.365657   15.722340   16.824980   15.623118   16.029873   12.445315   12.206536   12.874293   14.552042   16.020325   17.033805   15.732599   14.700883   14.550747   14.027883   13.658578   13.959280   13.272309   14.012673   14.380978   14.486557   14.600356   14.466179   14.498109   14.808090   14.375852   14.306161   14.593377   14.604227   14.645771   14.799023   14.346248   14.222048   14.430129   14.358992   14.360160   14.513546   14.228225   13.835754   13.711318   13.563786   13.543696   13.749468   13.431114   13.268775   13.327358   13.090247   13.061716   13.068986   13.158040   13.008191   13.142703   12.755998   12.664099   12.866509   12.722750   12.686865   12.855165   12.748620   12.774625   12.711593   12.853251   12.990439   13.034274   12.856269   12.744308   12.896582   12.561179   12.556013   12.585450   12.406683   12.390609   12.314121   12.434503   12.677271   12.776636   12.645027   12.919547   12.913412   12.792649   12.882605   13.009031   12.897775   13.152958   13.098685   13.217722   13.139611   13.483035   13.275341   13.115288   13.144134   13.013779   13.044917   12.998061   12.928146   12.906439   
8.1353402   26.765108   16.313463   2.4190000e+08  25.613354   16.595020   17.217711   16.578587   15.336730   10.570461   10.164666   10.747657   12.442756   15.556554   16.877655   16.794223   15.730724   15.965332   14.563232   13.117573   13.704345   12.604854   12.778912   13.355793   13.539934   13.535732   13.340100   13.202212   13.733718   13.461252   13.229441   13.352481   13.531949   13.613010   13.812593   13.314411   13.093852   13.253968   13.272664   13.221780   13.560668   13.316777   12.955785   12.791272   12.718108   12.598978   12.706048   12.207996   12.139997   12.119799   11.775456   11.759821   11.852470   12.096144   12.002864   12.267776   12.207022   12.304080   12.602411   12.437881   12.310675   12.551464   12.349293   12.518123   12.607251   12.627392   12.750463   12.891820   12.704424   12.906019   13.143332   12.631076   12.509612   12.360119   12.133641   11.977487   11.949246   11.930687   12.070640   12.183784   12.151144   12.459567   12.346554   12.316773   12.496950   12.545968   12.373504   12.569830   12.538073   12.689555   12.580258   12.904245   12.612623   12.543649   12.783571   12.559527   12.577765   12.571529   12.213367   12.119973   
7.8973501   22.367299   15.365657   25.613354   2.4190000e+08  18.598500   17.712182   16.405848   15.716125   11.380185   10.827319   11.626290   13.341204   16.191442   17.547525   17.182562   16.362828   16.558197   15.516528   13.989484   14.664106   14.004728   14.070798   14.745562   14.466266   14.778769   14.389646   14.553310   15.283841   14.796996   14.396458   14.732313   14.765341   14.933791   15.232677   14.569994   14.157813   14.284706   14.181594   14.195038   14.637402   14.444515   14.214854   14.154110   14.121656   13.910510   14.093068   13.801439   13.741798   13.693182   13.164050   13.066464   13.168260   13.274754   13.172896   13.436055   13.378410   13.393870   13.703004   13.567881   13.448707   13.911307   13.599276   13.775295   13.850918   13.750311   13.938003   14.183393   13.956854   14.144943   14.449256   14.009348   13.703094   13.524206   13.317953   13.092448   13.127848   12.964134   13.109562   13.338673   13.237653   13.622253   13.612943   13.489456   13.586850   13.639214   13.431767   13.686226   13.573539   13.892527   13.803801   14.061241   13.920048   14.041659   14.095782   13.951816   14.104496   13.941798   13.514808   13.658925   
7.7468838   16.955623   15.722340   16.595020   18.598500   2.4190000e+08  26.130469   19.706755   18.384377   13.300017   12.502324   13.120373   15.479422   19.661489   20.706514   19.630993   18.645995   18.392658   18.510447   17.967496   18.808300   17.798222   17.477100   17.991677   17.184983   17.185409   17.304986   17.378093   18.033632   17.360152   17.426620   17.647584   17.630200   17.832810   18.252688   17.262052   16.752348   17.069193   17.031877   16.902294   17.164835   16.756530   16.219162   16.427753   16.467138   16.190540   16.456477   16.433919   16.302909   16.552166   16.104943   15.964582   15.987984   16.353643   16.283423   16.552842   16.570456   16.665762   17.126790   16.943330   16.649957   17.078824   16.701309   17.023073   17.029370   16.837833   17.101032   17.239877   16.909258   16.964434   17.231351   16.606723   16.397934   16.146362   15.867286   15.791181   15.725917   15.425672   15.611926   15.648500   15.397788   15.737105   15.677742   15.492550   15.441007   15.485168   15.495983   15.733628   15.667472   16.200740   16.059762   16.319899   16.496500   16.254720   16.250738   16.003448   16.195805   15.861332   15.603357   15.520658   
8.2727346   18.038312   16.824980   17.217711   17.712182   26.130469   2.4190000e+08  28.769326   21.296779   13.934203   12.867726   13.445929   16.025392   22.603867   24.682774   22.814124   22.328187   22.251303   21.380138   19.438110   19.780909   18.830393   19.100829   20.041484   19.818644   19.675164   19.255697   19.178073   19.711434   18.918474   18.917797   19.191542   19.249829   19.636609   20.079270   19.105621   18.815832   19.155548   19.243876   19.113342   19.388042   18.556438   17.692561   17.693955   17.673748   17.445846   17.730711   17.433294   17.485928   17.483387   16.982582   16.991493   17.069290   17.446557   17.351940   17.649838   17.264069   17.363556   17.589329   17.440248   17.497835   17.749628   17.613979   17.877157   18.039154   18.220939   18.132671   18.165390   17.738878   17.708805   17.887148   17.255426   17.066391   16.711579   16.325013   16.266434   16.152905   16.302461   16.572622   16.823970   16.669624   17.058557   17.006164   16.939768   16.936047   16.889740   16.676557   16.938177   16.798932   17.112247   16.707139   17.221425   17.294742   17.144681   17.521336   17.170290   17.134527   16.802651   16.550541   16.357131   
8.5796268   17.476191   15.623118   16.578587   16.405848   19.706755   28.769326   2.4190000e+08  25.897158   14.231765   12.906968   13.371177   15.978348   21.061559   22.458102   23.202094   21.945668   22.823632   20.659172   19.232596   19.439201   17.794121   18.938966   19.933136   20.537004   20.384572   19.505104   19.294801   19.901158   19.527126   19.284182   19.318050   19.444008   19.826494   20.064345   19.756000   19.281917   19.617935   19.926828   19.946228   20.157219   19.408478   18.305673   18.267672   18.120194   17.832983   17.913810   17.516767   17.439596   17.364031   16.980990   17.052641   17.203911   17.198288   17.299855   17.807678   17.059366   17.090148   17.378681   17.113466   17.189687   17.403661   17.306934   17.561877   17.705285   18.036548   18.073658   18.355061   17.869451   18.235504   18.463687   17.590391   17.317671   17.215218   16.959428   16.776346   16.689652   16.944446   17.034736   17.317028   17.224934   17.563412   17.694214   17.757144   17.807799   18.231253   17.966087   18.271681   18.152017   18.004625   17.515447   17.959281   17.771404   17.819784   18.500313   17.769258   17.699640   17.229105   16.726588   16.431347   
8.5790841   16.303844   16.029873   15.336730   15.716125   18.384377   21.296779   25.897158   2.4190000e+08  16.735587   14.699445   15.184077   18.089437   19.732964   20.442875   20.761049   19.707169   19.950029   19.149724   18.522480   18.844348   17.925521   19.355959   20.461263   20.763368   21.214540   21.365846   20.069209   20.849189   20.333148   20.436185   20.722029   20.876804   20.893417   21.228737   21.150561   20.462096   20.798734   21.160036   20.876939   20.769519   20.172118   19.214269   19.009583   18.960409   18.975798   18.949284   18.635901   18.315002   18.478805   17.909640   17.917845   18.071695   17.977256   18.111634   18.431172   17.468582   17.093679   17.389915   16.937514   17.243202   17.527301   17.470765   17.799421   18.096836   18.669000   18.859757   19.125901   18.883346   18.985466   19.297452   18.561142   18.562329   18.527508   18.078019   17.885809   17.889430   18.090704   18.109341   18.097865   18.023069   18.495293   18.557581   18.449316   18.543021   18.868258   19.130928   19.336711   19.224728   19.439349   18.848886   19.300906   18.761752   18.725443   19.223992   18.518841   18.508406   18.480355   17.887818   17.425588   
7.7040647   10.765589   12.445315   10.570461   11.380185   13.300017   13.934203   14.231765   16.735587   2.4190000e+08  17.900193   16.733510   16.620237   15.068170   14.538198   14.493250   14.121662   13.779086   13.871053   14.709944   14.721487   16.300509   17.150618   17.917296   17.583149   17.790437   18.212488   17.554272   17.261351   17.107586   17.515337   17.464923   17.247217   16.983183   17.046542   17.132656   17.542043   17.614710   17.935236   17.812720   17.682772   17.309988   17.116270   17.497785   18.243473   18.904683   18.817146   18.980038   18.774918   18.881840   18.568570   18.531688   18.242791   17.798754   17.681786   17.272907   16.352671   15.876519   15.534349   15.346054   15.382059   15.226714   15.395227   15.460102   15.549405   15.726118   15.786037   15.655854   15.594609   15.512776   15.816506   16.101887   16.395273   16.560590   16.757124   16.894807   16.985910   17.100329   17.115412   16.950138   16.871078   16.890342   16.588031   16.708674   16.451575   16.354349   16.666304   16.589848   16.260471   16.880164   16.782500   16.601785   16.828303   16.701081   16.468454   16.607212   16.747574   16.335766   16.345604   16.455270   
7.2930268   10.848562   12.206536   10.164666   10.827319   12.502324   12.867726   12.906968   14.699445   17.900193   2.4190000e+08  35.358846   23.017385   15.144964   14.438576   14.239734   13.225969   12.806251   12.942164   13.804040   14.110157   14.897948   16.003435   16.311138   15.985018   16.264272   16.659804   16.740618   16.739101   16.979962   17.229586   17.203762   16.768242   16.464184   16.595684   16.858791   17.079314   17.276968   17.458489   17.373357   17.309319   17.354627   17.433693   17.521973   17.781463   18.091501   18.088562   18.228765   18.048131   18.421108   18.205906   18.550217   18.375440   17.480249   17.262536   16.941697   16.180831   15.839952   15.552757   15.382544   15.618573   15.639277   15.960739   15.954286   15.907283   16.355102   16.013089   15.864872   16.215622   15.939429   16.324198   16.347555   16.750620   16.808888   16.624180   16.606429   16.644072   16.859141   16.986642   16.754012   16.542748   16.626586   16.419079   16.431091   16.094753   15.960209   16.180768   16.314344   15.988964   16.308366   16.158599   16.084133   16.357323   16.092189   15.819164   16.520977   16.501341   16.235941   16.253049   16.527849   
7.3702195   11.745242   12.874293   10.747657   11.626290   13.120373   13.445929   13.371177   15.184077   16.733510   35.358846   2.4190000e+08  28.289517   16.054667   15.443612   15.132343   13.999697   13.586831   13.392181   14.124204   14.659970   15.215721   16.469548   16.883418   16.350166   16.668414   17.017674   17.129709   17.376422   17.484810   17.634406   17.847967   17.432802   17.270923   17.394090   17.598156   17.896326   18.112446   17.986265   17.976289   18.137156   18.119322   18.134946   18.232296   18.501864   18.617589   18.827631   18.831313   18.608402   19.033681   18.930885   19.180814   19.133143   18.154219   17.786864   17.616821   16.745845   16.362017   16.235999   15.926490   16.193070   16.290254   16.461590   16.524693   16.424218   16.801601   16.540616   16.511571   16.714470   16.430877   16.870232   16.772774   17.207491   17.300718   16.983464   16.958691   17.032765   17.207228   17.393545   17.397632   17.112643   17.294728   17.040605   17.040215   16.730838   16.604624   16.666266   16.960118   16.722990   16.995888   17.002456   16.831161   17.032559   16.873529   16.558502   17.120590   17.207721   16.973149   17.109077   17.575405   
7.7911278   13.813636   14.552042   12.442756   13.341204   15.479422   16.025392   15.978348   18.089437   16.620237   23.017385   28.289517   2.4190000e+08  20.324707   18.981578   18.277551   16.480699   15.931747   16.000444   16.540023   17.022109   17.242926   18.722512   19.421813   18.593389   18.881253   19.348255   19.540509   20.410221   20.485087   20.426083   20.548319   20.316687   20.203987   20.588043   20.785906   20.696205   21.053981   21.104822   21.170614   21.389090   21.204382   20.805490   20.820640   21.148590   21.091059   21.273502   20.897515   20.635211   21.117815   20.673048   20.849722   21.219482   20.758876   20.344016   20.305482   19.313680   18.641704   18.407967   17.980289   18.162231   18.392958   18.434924   18.674990   18.671130   19.021316   18.782099   18.883238   18.936848   18.609287   19.271194   18.919723   19.197404   19.444988   18.906971   18.945957   19.072458   19.159265   19.521501   19.486588   19.162113   19.642256   19.228318   18.901522   18.818174   18.755312   18.731393   19.190716   19.022815   19.364372   19.357657   19.705166   19.512776   19.079578   19.132497   19.667223   19.700958   19.307531   19.306512   19.473262   
8.2541402   16.249755   16.020325   15.556554   16.191442   19.661489   22.603867   21.061559   19.732964   15.068170   15.144964   16.054667   20.324707   2.4190000e+08  43.661145   30.641253   26.484832   24.916168   23.843493   22.770889   22.865011   21.320272   22.254760   22.441924   22.307454   22.105477   21.701372   21.879018   22.638189   22.286321   22.987661   22.972294   22.741326   23.072689   23.228130   22.602817   22.776586   23.128774   23.695774   23.771228   23.699589   22.667428   22.020717   21.558138   22.158410   21.715378   22.436085   21.521249   21.701207   21.599324   21.250196   21.191325   20.901711   21.840290   21.262238   21.515652   21.503008   21.693506   21.427133   20.796096   20.819132   21.136465   20.721399   21.254495   21.283203   21.708724   21.403782   21.193223   20.862298   20.833500   21.088835   20.517443   20.457363   20.286690   19.939426   19.621388   19.216270   19.510603   19.656080   19.871155   20.089958   20.230957   19.665097   19.398996   19.583163   19.514477   19.303533   19.721686   19.272297   19.749499   19.189227   20.288718   20.366401   19.897301   20.315569   20.158639   20.050103   19.806848   19.290119   18.874742   
8.2716890   17.844797   17.033805   16.877655   17.547525   20.706514   24.682774   22.458102   20.442875   14.538198   14.438576   15.443612   18.981578   43.661145   2.4190000e+08  34.596457   28.238019   26.073334   24.459853   22.338869   23.128280   20.718981   21.757295   22.155443   21.943970   21.972454   21.590198   21.896142   22.685268   22.319636   22.767842   22.832535   22.566487   23.178689   23.556989   22.296676   22.651024   23.448578   23.604376   23.587412   23.815209   22.692274   21.986377   21.638834   21.874478   21.362991   22.138271   21.125416   21.059463   20.914317   20.426208   20.288355   20.008145   20.835831   20.185740   20.428833   20.293285   20.259368   20.193376   19.652097   19.846767   20.273218   19.786081   20.206251   20.329216   20.790887   20.720484   20.723542   20.390885   20.272992   20.391098   19.659782   19.546882   19.269266   18.874623   18.653023   18.290184   18.684803   18.844888   19.052839   19.133324   19.464967   19.124521   18.883130   19.044347   19.127061   18.920419   19.323444   19.038846   19.540239   19.039999   19.929698   19.764427   19.479362   19.874216   19.697367   19.644707   19.448501   18.871660   18.536359   
8.5599909   17.325025   15.732599   16.794223   17.182562   19.630993   22.814124   23.202094   20.761049   14.493250   14.239734   15.132343   18.277551   30.641253   34.596457   2.4190000e+08  36.150842   30.269672   25.816428   22.895195   23.607636   22.081898   22.977754   23.228699   23.669146   23.585067   23.190271   23.299006   24.288459   23.731125   23.902571   23.471946   23.803449   24.080019   24.473386   24.025023   23.740457   23.916246   24.262788   24.036696   24.432309   23.373829   22.600450   21.970412   22.351804   21.771170   22.241433   21.462556   21.406200   21.287880   20.740613   20.711652   20.479239   21.276312   20.852314   21.373546   21.337442   22.029997   22.320640   21.333634   21.599223   21.838717   21.811102   22.284259   22.422236   22.766529   22.492579   22.417854   21.634537   21.607089   21.812653   21.027454   20.826693   20.520557   20.211097   19.715987   19.276790   19.414537   19.495603   19.770579   20.218672   20.611024   20.126214   20.157189   20.405240   20.280069   20.294641   20.639987   20.561587   20.957165   20.552600   21.548811   21.209674   20.820174   21.170034   21.206738   20.678764   20.419778   19.626680   19.267806   
8.7364808   15.981000   14.700883   15.730724   16.362828   18.645995   22.328187   21.945668   19.707169   14.121662   13.225969   13.999697   16.480699   26.484832   28.238019   36.150842   2.4190000e+08  41.017595   27.458119   23.013531   23.037335   22.010552   22.839509   22.902380   23.775805   23.299010   22.736647   22.710684   23.182543   22.554095   22.231751   21.652912   22.064896   22.411086   22.512394   22.398621   22.255885   22.258684   22.585704   22.136957   22.141669   21.127890   20.303994   19.921015   20.485970   20.103527   20.447289   19.883571   20.085814   19.913112   19.461927   19.380767   19.035820   19.546547   19.314176   19.844621   19.618988   20.268585   20.459445   19.890194   20.188248   20.205438   20.312809   20.800661   21.027093   21.492742   21.177870   21.207749   20.481364   20.587943   20.535812   19.875433   19.692086   19.400907   19.309388   19.036659   18.626629   18.856415   19.027934   19.293126   19.619510   19.884216   19.464230   19.579330   19.689796   19.401091   19.528505   19.614510   19.765864   20.054653   19.504254   20.387652   20.324094   19.912640   20.462448   20.337362   19.877269   19.691004   18.965489   18.476298   
8.7155720   16.096526   14.550747   15.965332   16.558197   18.392658   22.251303   22.823632   19.950029   13.779086   12.806251   13.586831   15.931747   24.916168   26.073334   30.269672   41.017595   2.4190000e+08  30.212531   24.206088   24.170025   22.428007   22.433703   23.129980   23.455644   23.091069   21.860143   21.765259   22.218686   21.446668   21.429745   21.127025   21.369495   21.922420   22.080046   21.833781   21.592358   21.698257   21.800143   21.563781   21.952652   21.232296   20.311569   19.962532   20.476152   20.042875   20.209344   19.535615   19.675571   19.541773   18.965063   18.921509   18.626607   18.840744   18.878113   19.445737   19.239169   20.114634   20.425370   19.798269   19.943533   19.932355   19.787099   20.321274   20.657694   21.137481   21.000116   21.020593   20.399470   20.259614   20.318831   19.619597   19.572187   19.302457   19.072542   18.648538   18.372431   18.474654   18.698184   19.174588   19.090660   19.312680   19.104483   18.920865   19.006796   19.058659   19.113107   19.224913   19.308199   19.428488   18.954240   19.582753   19.423789   19.198719   19.845937   19.572599   19.277158   19.130399   18.508620   17.968673   
8.4035445   15.006030   14.027883   14.563232   15.516528   18.510447   21.380138   20.659172   19.149724   13.871053   12.942164   13.392181   16.000444   23.843493   24.459853   25.816428   27.458119   30.212531   2.4190000e+08  28.407308   26.515025   23.696813   23.362710   23.468541   23.631557   23.601491   22.399886   22.048825   22.256498   22.028058   22.371295   21.932729   22.465955   23.163163   23.590230   23.498069   22.759932   22.561788   23.040133   22.341721   22.451040   22.136648   20.986514   20.488547   21.305820   21.053606   21.024765   20.857759   20.913818   20.912482   20.461505   20.182791   19.872097   20.728297   20.913626   21.538041   21.785392   22.383316   22.388756   21.663340   22.305711   22.224647   22.106683   22.468167   22.754233   22.788864   23.335710   23.468480   23.352677   22.790061   22.817023   21.805337   21.141335   20.641550   20.344077   19.988710   19.392373   19.778815   20.114280   20.115082   20.364179   20.574230   20.612806   20.276216   20.291705   19.954823   19.748266   19.687920   20.021044   20.548536   19.830388   20.326344   19.875559   19.680590   19.907714   19.768325   19.680431   19.336901   19.071916   18.447050   
8.0501476   13.431854   13.658578   13.117573   13.989484   17.967496   19.438110   19.232596   18.522480   14.709944   13.804040   14.124204   16.540023   22.770889   22.338869   22.895195   23.013531   24.206088   28.407308   2.4190000e+08  47.543307   30.260473   27.729069   26.106345   25.410971   24.569970   23.454212   23.395712   23.321821   23.624428   24.265422   23.333628   23.248708   23.594737   23.467743   23.288851   22.701731   22.714744   23.235025   23.345235   23.334548   23.159608   22.485493   22.370975   22.826487   22.531306   22.671035   22.318113   23.006622   22.978555   22.834139   22.687520   22.481197   23.626813   23.614960   23.880885   24.125345   24.204812   24.141249   24.107203   24.280319   24.178752   23.627114   23.731003   23.906856   23.948350   24.484677   24.598154   23.847888   23.564897   23.601000   22.992660   22.589263   22.135283   22.234449   21.987749   21.443131   21.421788   21.418123   21.336262   21.197322   21.002251   20.780557   20.431894   20.326636   20.326952   20.037391   20.109991   20.162419   20.803770   20.196845   21.306441   21.420572   20.689848   20.922705   20.675442   20.497441   20.459767   20.477034   19.858769   
8.0172931   14.072693   13.959280   13.704345   14.664106   18.808300   19.780909   19.439201   18.844348   14.721487   14.110157   14.659970   17.022109   22.865011   23.128280   23.607636   23.037335   24.170025   26.515025   47.543307   2.4190000e+08  33.279676   29.305879   27.433461   25.521860   25.036198   23.836787   23.876176   24.029253   24.535677   24.581930   23.884434   23.657365   24.110185   24.075876   23.827638   23.349863   23.536144   23.964231   24.102281   24.238210   23.905810   23.336136   23.232651   23.512691   22.859899   23.219805   22.535758   23.011124   23.150329   22.900026   22.642547   22.429967   23.541298   23.361180   23.723142   23.972036   24.344988   24.657829   24.368941   24.523041   24.923179   24.028827   24.330236   24.467597   24.440968   24.687056   24.893987   24.532168   24.173908   24.366331   23.441909   22.979176   22.481423   22.287069   22.002893   21.494210   21.245869   21.338044   21.451690   21.188669   21.212192   21.002935   20.647660   20.453747   20.533157   20.388557   20.582773   20.718249   21.326319   20.817121   21.815050   21.827284   21.228028   21.497719   21.027652   21.059583   20.969021   20.960820   20.455297   
7.9812168   12.861088   13.272309   12.604854   14.004728   17.798222   18.830393   17.794121   17.925521   16.300509   14.897948   15.215721   17.242926   21.320272   20.718981   22.081898   22.010552   22.428007   23.696813   30.260473   33.279676   2.4190000e+08  36.617057   32.330057   28.081022   26.843070   26.156515   27.081791   26.321582   26.393077   26.417983   26.022484   25.788217   25.221318   25.277818   25.146690   24.203509   24.252548   24.829956   24.589359   24.546047   24.422256   23.822656   23.942872   24.994277   23.883583   24.295972   24.375955   25.124747   25.165489   25.053566   24.918582   24.163585   25.146606   25.385723   25.163655   25.012413   25.747063   25.781254   25.216649   25.596666   25.559085   25.567132   25.772284   25.627962   25.884877   25.543143   25.023908   24.556086   23.741161   23.903399   24.186444   23.792748   23.565305   23.589620   23.623291   23.047450   22.384847   22.636378   22.717345   22.876239   22.877906   22.588018   22.438820   22.258144   21.841505   22.139158   22.056455   21.539650   22.129954   21.595497   22.320154   23.321429   22.609241   22.275679   22.337547   22.162854   21.819063   22.132128   21.943507   
7.9665630   13.439269   14.012673   12.778912   14.070798   17.477100   19.100829   18.938966   19.355959   17.150618   16.003435   16.469548   18.722512   22.254760   21.757295   22.977754   22.839509   22.433703   23.362710   27.729069   29.305879   36.617057   2.4190000e+08  49.922483   36.311029   34.040634   30.937187   31.311074   30.923485   29.841543   30.089069   30.197784   29.582481   29.571481   29.653724   28.792716   28.603772   28.224013   28.131976   27.770589   27.488402   27.760859   26.585819   26.261434   27.369921   26.113712   26.383039   26.291767   26.671291   26.650864   26.553111   26.292731   25.653848   26.071485   25.804443   25.537021   24.888750   25.064655   24.924262   24.261599   25.348186   25.137482   25.256817   25.729179   25.160559   25.988833   25.223158   24.922975   24.681225   23.799903   24.311065   24.205197   23.687789   23.606311   23.415250   23.258741   22.854794   22.913639   23.147516   23.733542   23.626281   23.952263   23.815551   24.115118   24.007418   23.532532   23.910824   23.875844   23.611378   24.171708   23.238163   24.130391   24.939593   23.804139   23.845876   24.157655   23.900826   23.484215   23.141904   22.953077   
8.0614867   14.020183   14.380978   13.355793   14.745562   17.991677   20.041484   19.933136   20.461263   17.917296   16.311138   16.883418   19.421813   22.441924   22.155443   23.228699   22.902380   23.129980   23.468541   26.106345   27.433461   32.330057   49.922483   2.4190000e+08  40.107779   36.521277   31.797294   31.656471   31.883127   30.431246   30.322508   30.799268   30.178883   30.107359   30.095616   28.791239   28.203569   27.852724   27.993149   27.629608   28.139066   27.850019   26.457415   26.497361   27.626538   26.549746   26.979821   26.659877   26.883596   26.906142   26.692995   26.527280   26.050316   26.318308   26.008445   25.801108   25.047020   25.244783   25.303694   24.653322   25.620054   25.602401   25.143690   25.699706   25.441548   26.295924   25.511858   25.139828   24.702567   23.706901   24.511630   24.357624   23.838964   23.966395   23.661906   23.686778   23.475629   23.417075   24.004671   24.599596   24.254942   24.936862   24.704373   24.931059   24.568638   24.324165   24.386000   24.365073   23.998193   24.619268   23.668759   24.493650   25.134426   24.231802   24.555569   25.164220   25.124311   24.415396   24.051866   23.736823   
8.2213819   13.796668   14.486557   13.539934   14.466266   17.184983   19.818644   20.537004   20.763368   17.583149   15.985018   16.350166   18.593389   22.307454   21.943970   23.669146   23.775805   23.455644   23.631557   25.410971   25.521860   28.081022   36.311029   40.107779   2.4190000e+08  53.584948   39.023156   35.626597   33.771161   30.581338   30.991159   30.275812   30.485716   30.597495   30.065929   30.142342   30.373696   29.166163   29.265884   28.525554   27.935680   27.238778   25.888981   25.305780   26.157842   25.646728   25.236886   24.810987   25.250627   24.788755   24.805631   24.616104   23.948269   24.494133   24.468692   24.713826   23.639235   23.766633   23.584707   22.926054   23.604151   23.253752   23.893546   23.989320   23.660052   24.568382   24.530096   24.069421   23.747793   23.955987   24.403998   24.095431   23.485353   22.990331   23.624654   23.536012   23.222463   23.805418   23.803132   24.409213   24.578459   24.678174   24.634578   25.141242   25.033806   24.735646   24.991787   24.275579   23.616664   23.848305   22.817743   23.980201   23.849347   23.240665   23.980084   23.989302   23.546582   23.140164   22.437536   21.922882   
8.1954407   13.916260   14.600356   13.535732   14.778769   17.185409   19.675164   20.384572   21.214540   17.790437   16.264272   16.668414   18.881253   22.105477   21.972454   23.585067   23.299010   23.091069   23.601491   24.569970   25.036198   26.843070   34.040634   36.521277   53.584948   2.4190000e+08  44.817498   38.668210   37.392501   32.843922   32.809729   31.857658   31.370014   31.684848   31.229674   30.697859   30.843117   29.399300   29.285606   28.988140   28.492694   27.941614   26.494863   25.863437   26.648290   26.092910   25.477678   25.369984   25.628992   25.203754   25.201659   25.226495   24.621360   24.955876   24.839282   24.988201   23.520902   23.277717   23.101211   22.138738   23.037934   23.062401   23.615252   23.911377   23.548796   24.455530   24.698272   24.456150   24.077829   23.630962   24.189948   23.835985   23.270429   22.953635   23.378178   23.228223   22.960850   23.635097   23.846261   24.219203   24.469281   24.618698   24.709311   24.852669   24.451423   24.301503   24.580924   24.173060   23.425316   23.853748   22.783997   24.009870   23.991373   23.625251   24.130267   24.039870   23.596897   23.258471   22.644834   22.376314   
8.2282170   13.747687   14.466179   13.340100   14.389646   17.304986   19.255697   19.505104   21.365846   18.212488   16.659804   17.017674   19.348255   21.701372   21.590198   23.190271   22.736647   21.860143   22.399886   23.454212   23.836787   26.156515   30.937187   31.797294   39.023156   44.817498   2.4190000e+08  46.520053   41.129435   36.205160   35.208104   33.270816   32.591439   31.278359   31.015936   30.625475   29.799794   29.043561   29.024464   28.035563   27.359188   27.140266   25.924910   25.279934   26.090341   25.439847   25.382920   25.023752   25.178253   24.985417   24.860388   25.023662   24.699909   25.428688   25.201680   25.610612   23.804998   23.365837   23.184004   22.122580   23.086419   22.812048   23.516813   23.914467   23.483737   24.275550   24.141405   23.640432   23.488925   23.353204   23.862322   23.517195   23.386160   22.811556   23.087808   23.000216   22.835133   22.832480   23.038419   22.975455   23.507374   23.788849   23.621649   23.709014   23.760488   23.538880   24.270940   24.072374   23.250616   23.747592   22.692041   23.724257   23.464379   22.933745   23.646913   23.565180   22.883861   22.846880   22.175479   21.675913   
8.1297476   13.637217   14.498109   13.202212   14.553310   17.378093   19.178073   19.294801   20.069209   17.554272   16.740618   17.129709   19.540509   21.879018   21.896142   23.299006   22.710684   21.765259   22.048825   23.395712   23.876176   27.081791   31.311074   31.656471   35.626597   38.668210   46.520053   2.4190000e+08  58.804390   43.089022   40.128326   38.164291   36.152634   34.333389   34.565919   33.360494   32.009802   31.328215   30.609396   29.565089   28.884470   28.763764   26.869681   26.374996   27.415848   26.557252   26.494125   26.699302   26.815903   26.383928   26.414265   26.512482   25.845046   26.361867   25.968393   25.867573   24.327115   24.214041   24.136008   23.074196   23.982755   23.866449   24.610873   24.714605   24.214678   25.012655   24.803016   24.304182   24.000149   23.879791   24.387835   24.336275   23.985486   23.640285   23.899615   23.756424   23.515800   23.671197   23.774284   23.971242   24.197829   24.595352   24.557528   24.664319   24.628642   24.456553   25.072205   25.030780   24.244991   24.508058   23.630453   24.445509   24.658639   24.088646   24.499986   24.880983   24.194541   23.703427   23.037316   22.881099   
8.1966984   14.354300   14.808090   13.733718   15.283841   18.033632   19.711434   19.901158   20.849189   17.261351   16.739101   17.376422   20.410221   22.638189   22.685268   24.288459   23.182543   22.218686   22.256498   23.321821   24.029253   26.321582   30.923485   31.883127   33.771161   37.392501   41.129435   58.804390   2.4190000e+08  49.926608   41.896533   39.033787   36.519570   35.175064   34.691589   33.093803   31.105005   30.934777   30.241946   29.604160   29.285325   29.107223   27.242393   26.980082   27.717803   26.781638   26.612760   26.521660   26.615408   26.304587   26.384217   26.421971   26.077621   26.589757   26.039450   26.076832   24.286594   23.999298   24.109508   23.122357   24.016505   24.122045   24.789745   25.027278   24.559969   25.328872   25.205264   24.841308   24.411419   24.221901   25.123493   24.803466   24.338482   23.994492   24.256916   24.023209   23.942683   23.980424   24.130191   24.435528   24.598136   25.158933   24.990957   25.116200   25.279769   25.215200   25.720220   25.822283   25.157147   25.359262   24.395141   25.434284   25.557004   24.983030   25.520845   25.826308   25.054949   24.579972   23.733448   23.735627   
8.3189236   14.048199   14.375852   13.461252   14.796996   17.360152   18.918474   19.527126   20.333148   17.107586   16.979962   17.484810   20.485087   22.286321   22.319636   23.731125   22.554095   21.446668   22.028058   23.624428   24.535677   26.393077   29.841543   30.431246   30.581338   32.843922   36.205160   43.089022   49.926608   2.4190000e+08  50.257894   43.369927   40.200217   37.262461   35.987364   34.054462   31.091490   30.807057   30.950217   30.232195   30.252067   30.116022   28.147169   27.854209   28.350952   27.371285   27.486878   27.081445   27.268638   27.319314   27.308454   27.254850   27.190662   27.940041   27.501621   27.712764   25.686193   25.141815   25.280747   24.877329   25.648568   25.706375   26.134741   26.333581   25.733100   26.316768   26.430806   26.196535   25.855383   25.771741   26.457386   25.927836   25.440218   25.203961   25.446500   25.293867   25.229791   25.223947   25.584733   25.568602   25.685453   26.174184   26.011832   25.845974   26.128076   25.862126   26.137436   26.337195   25.599660   25.525701   24.666860   25.979316   26.217607   25.409641   25.964391   26.112559   25.347964   25.222509   24.653122   24.410673   
8.2482714   13.796006   14.306161   13.229441   14.396458   17.426620   18.917797   19.284182   20.436185   17.515337   17.229586   17.634406   20.426083   22.987661   22.767842   23.902571   22.231751   21.429745   22.371295   24.265422   24.581930   26.417983   30.089069   30.322508   30.991159   32.809729   35.208104   40.128326   41.896533   50.257894   2.4190000e+08  61.302101   48.890806   43.378543   40.169656   37.031076   34.478615   34.086279   34.567455   33.655489   32.935792   32.010327   30.180562   29.792006   31.006279   30.236328   29.769982   29.052319   28.877038   29.080648   29.258253   29.043610   28.635141   29.641317   28.816045   28.648565   26.935132   26.606309   26.445734   25.675472   26.718886   26.605534   27.167496   27.265684   26.527656   27.388414   27.558399   26.966325   26.486534   25.979023   26.365982   26.315392   25.882054   25.499084   25.715662   25.338392   25.045964   25.412504   25.926711   25.958311   25.879984   26.132975   25.905230   25.469169   25.632969   25.525361   25.751524   25.866374   25.237496   25.720599   24.794676   26.246499   26.713933   25.941404   26.096498   26.358722   25.776674   25.326366   24.744728   24.332431   
8.1969813   14.153981   14.593377   13.352481   14.732313   17.647584   19.191542   19.318050   20.722029   17.464923   17.203762   17.847967   20.548319   22.972294   22.832535   23.471946   21.652912   21.127025   21.932729   23.333628   23.884434   26.022484   30.197784   30.799268   30.275812   31.857658   33.270816   38.164291   39.033787   43.369927   61.302101   2.4190000e+08  59.338922   48.737789   45.169532   39.826079   35.798235   35.564129   34.883073   33.924495   33.506886   32.527308   30.084821   29.633642   30.759357   30.012640   30.099854   29.792545   29.141813   29.356461   29.393211   29.132819   28.755890   29.269542   28.750723   28.375073   26.878663   26.525422   26.366168   25.726218   26.610392   26.592446   26.616796   26.960975   26.094008   27.176416   27.007118   26.415683   25.805421   25.318402   25.857635   25.803672   25.342939   25.227103   25.213116   24.695070   24.484397   24.874352   25.311031   25.605380   25.467374   25.843389   25.599919   25.038788   24.954805   25.072621   25.272588   25.600120   24.721037   25.277270   24.528197   25.781380   26.376410   25.618465   25.684183   25.929236   25.579019   25.143518   24.732244   24.771041   
