WARNING: Parameter active_space is not defined! in the input parametersUse the default value 
WARNING: Parameter active_space is not defined! in the input parametersUse the default value 
WARNING: Parameter active_space is not defined! in the input parametersUse the default value 
WARNING: Parameter active_space is not defined! in the input parametersUse the default value 
WARNING: Parameter active_space is not defined! in the input parametersUse the default value 
WARNING: Parameter active_space is not defined! in the input parametersUse the default value 
WARNING: Parameter active_space is not defined! in the input parametersUse the default value 
WARNING: Parameter active_space is not defined! in the input parametersUse the default value 
WARNING: Parameter active_space is not defined! in the input parametersUse the default value 
WARNING: Parameter active_space is not defined! in the input parametersUse the default value 
2.4190000e+08  3.0400345   2.8437825   2.8004525   2.7658262   2.6160626   2.4492353   2.4099233   2.3255492   2.3025916   2.2189121   2.1110350   2.0905085   2.0394848   2.0215014   1.9955941   1.8916689   1.8078523   1.7990502   1.7732517   1.7167661   1.6971031   1.6486527   1.6127631   1.5935383   1.5738390   1.5446648   1.5231023   1.4984856   1.4650011   
3.0400345   2.4190000e+08  6.8121908   6.3393348   6.2234101   6.0909882   5.2936101   5.1530807   5.0125568   4.9692648   4.3945839   3.9020853   3.8336943   3.7759261   3.6040552   3.5555882   3.2982657   3.1227016   3.0708385   2.9910743   2.8434346   2.8156651   2.7232913   2.6539053   2.6028834   2.5413175   2.4923671   2.4326365   2.3531830   2.2438612   
2.8437825   6.8121908   2.4190000e+08  8.2361355   8.0728409   6.5537648   5.8071953   5.7427606   6.6073523   6.4633687   5.3002814   4.7910810   4.7010022   4.3794654   4.3008896   4.1904128   3.7059939   3.4796223   3.5141907   3.4100134   3.2077250   3.1845560   3.0316494   2.9922374   2.9561111   2.8968494   2.8180411   2.7381230   2.6607443   2.5730455   
2.8004525   6.3393348   8.2361355   2.4190000e+08  31.251535   7.6513521   6.7760073   6.6380561   7.4468723   7.2396602   5.7599683   6.1566770   6.0161102   5.3629224   5.0965110   4.9553312   4.2680072   3.9246569   4.0344233   3.8905960   3.5702740   3.5489374   3.3014480   3.2909722   3.2411276   3.1754760   3.0451415   2.9433088   2.8419767   2.7477732   
2.7658262   6.2234101   8.0728409   31.251535   2.4190000e+08  7.6750463   6.7380513   6.6976005   7.4951899   7.3966129   5.6902441   6.2224695   6.1488376   5.4547091   5.1875475   5.0696294   4.3393607   3.9485645   4.0766922   3.9440773   3.5957190   3.5805190   3.3261516   3.3069717   3.2734753   3.2127476   3.0782688   2.9801385   2.8776862   2.7714672   
2.6160626   6.0909882   6.5537648   7.6513521   7.6750463   2.4190000e+08  8.9409420   8.7705995   8.8971833   8.8655443   6.6903774   6.0446797   5.9628177   6.0551929   5.6066592   5.4574327   4.9086934   4.4908979   4.4593349   4.3423016   3.9836460   3.8768977   3.6515965   3.5319378   3.4540328   3.3762855   3.3002212   3.1902343   3.0548960   2.9068350   
2.4492353   5.2936101   5.8071953   6.7760073   6.7380513   8.9409420   2.4190000e+08  23.820509   9.2219900   9.1069316   6.9124420   6.5390718   6.3843974   6.2826075   6.2595053   6.0341207   5.3944819   5.2439300   5.2813683   5.0625738   4.5626259   4.4896940   4.1076916   3.9346002   3.8142509   3.7161250   3.5836647   3.4545899   3.3377437   3.2119576   
2.4099233   5.1530807   5.7427606   6.6380561   6.6976005   8.7705995   23.820509   2.4190000e+08  9.2473696   9.4155352   7.0200158   6.4794711   6.4618560   6.3019248   6.2961166   6.1533401   5.5048156   5.3027789   5.3846115   5.2106628   4.6328902   4.5745913   4.1893348   3.9807954   3.8899589   3.7945432   3.6559790   3.5398327   3.4210472   3.2708712   
2.3255492   5.0125568   6.6073523   7.4468723   7.4951899   8.8971833   9.2219900   9.2473696   2.4190000e+08  29.613550   7.6461597   7.6911089   7.5550491   6.9741681   6.9797133   6.6641212   5.8750615   5.2358710   5.4212249   5.1904141   4.7326281   4.6860528   4.3301825   4.2610332   4.1900934   4.0980941   3.9626097   3.7837292   3.6295281   3.4693055   
2.3025916   4.9692648   6.4633687   7.2396602   7.3966129   8.8655443   9.1069316   9.4155352   29.613550   2.4190000e+08  7.7944590   7.6677786   7.6806468   7.0918901   7.1756107   6.9498448   6.0711250   5.3522762   5.5821366   5.3667027   4.8367572   4.8092945   4.4379341   4.3348195   4.2912771   4.2002259   4.0539019   3.8806790   3.7222440   3.5328424   
2.2189121   4.3945839   5.3002814   5.7599683   5.6902441   6.6903774   6.9124420   7.0200158   7.6461597   7.7944590   2.4190000e+08  7.2373938   7.0500313   6.9670335   6.4252675   6.2394089   5.1892814   5.4103694   5.8282865   5.5605698   4.9492772   4.8795055   4.4829085   4.4682300   4.3444629   4.2020020   4.0686523   3.9245610   3.7518702   3.5512268   
2.1110350   3.9020853   4.7910810   6.1566770   6.2224695   6.0446797   6.5390718   6.4794711   7.6911089   7.6677786   7.2373938   2.4190000e+08  25.020177   13.265420   11.179866   10.217887   7.2743762   6.4707006   7.0122944   6.6455433   5.6593976   5.6335410   4.9404238   5.0742839   5.0210883   4.8837325   4.6413967   4.4184208   4.1895194   4.1177440   
2.0905085   3.8336943   4.7010022   6.0161102   6.1488376   5.9628177   6.3843974   6.4618560   7.5550491   7.6806468   7.0500313   25.020177   2.4190000e+08  14.422634   12.119073   11.398384   7.6929106   6.5824946   7.2603866   6.9649194   5.7768666   5.7529522   5.0364787   5.1168731   5.1263749   5.0368739   4.7677168   4.5602162   4.3216931   4.2090454   
2.0394848   3.7759261   4.3794654   5.3629224   5.4547091   6.0551929   6.2826075   6.3019248   6.9741681   7.0918901   6.9670335   13.265420   14.422634   2.4190000e+08  14.491674   13.478376   8.5157711   7.2916128   7.8883509   7.5390220   6.1984778   6.1197783   5.3494144   5.4660722   5.4005325   5.2558031   5.0508633   4.8271185   4.4836307   4.2563542   
2.0215014   3.6040552   4.3008896   5.0965110   5.1875475   5.6066592   6.2595053   6.2961166   6.9797133   7.1756107   6.4252675   11.179866   12.119073   14.491674   2.4190000e+08  26.599849   10.042306   7.7354894   8.5539868   8.1178091   6.6630711   6.6304316   5.6703184   5.7689543   5.7145918   5.6284834   5.3159205   5.0700112   4.7582479   4.5122679   
1.9955941   3.5555882   4.1904128   4.9553312   5.0696294   5.4574327   6.0341207   6.1533401   6.6641212   6.9498448   6.2394089   10.217887   11.398384   13.478376   26.599849   2.4190000e+08  10.575169   7.7207998   8.6668999   8.3771719   6.7255359   6.7284708   5.7578740   5.8074342   5.8339634   5.7607873   5.4478765   5.2157182   4.8847035   4.5739964   
1.8916689   3.2982657   3.7059939   4.2680072   4.3393607   4.9086934   5.3944819   5.5048156   5.8750615   6.0711250   5.1892814   7.2743762   7.6929106   8.5157711   10.042306   10.575169   2.4190000e+08  7.9514764   7.9300795   7.6747688   6.6787497   6.7883577   5.9678292   5.8609492   5.9060449   5.8284413   5.6096841   5.3268133   4.8864077   4.5818712   
1.8078523   3.1227016   3.4796223   3.9246569   3.9485645   4.4908979   5.2439300   5.3027789   5.2358710   5.3522762   5.4103694   6.4707006   6.5824946   7.2916128   7.7354894   7.7207998   7.9514764   2.4190000e+08  11.337880   10.163583   9.3042482   8.4786053   7.5120302   7.5697735   6.9476294   6.6184673   6.2730495   5.9286576   5.4132390   5.1270078   
1.7990502   3.0708385   3.5141907   4.0344233   4.0766922   4.4593349   5.2813683   5.3846115   5.4212249   5.5821366   5.8282865   7.0122944   7.2603866   7.8883509   8.5539868   8.6668999   7.9300795   11.337880   2.4190000e+08  22.459093   10.587039   9.9728330   7.7935465   8.2152989   7.8936336   7.6989182   7.1399783   6.7131891   6.1953911   5.9343627   
1.7732517   2.9910743   3.4100134   3.8905960   3.9440773   4.3423016   5.0625738   5.2106628   5.1904141   5.3667027   5.5605698   6.6455433   6.9649194   7.5390220   8.1178091   8.3771719   7.6747688   10.163583   22.459093   2.4190000e+08  11.218594   10.324221   8.0047227   8.0733955   7.9310081   7.7763535   7.2759177   6.9336473   6.4023531   6.1044358   
1.7167661   2.8434346   3.2077250   3.5702740   3.5957190   3.9836460   4.5626259   4.6328902   4.7326281   4.8367572   4.9492772   5.6593976   5.7768666   6.1984778   6.6630711   6.7255359   6.6787497   9.3042482   10.587039   11.218594   2.4190000e+08  13.908178   9.9092297   8.8082611   8.0881132   7.8254126   7.2728655   6.8320832   6.2353552   6.1338073   
1.6971031   2.8156651   3.1845560   3.5489374   3.5805190   3.8768977   4.4896940   4.5745913   4.6860528   4.8092945   4.8795055   5.6335410   5.7529522   6.1197783   6.6304316   6.7284708   6.7883577   8.4786053   9.9728330   10.324221   13.908178   2.4190000e+08  11.821387   10.342000   9.7253697   9.2774929   8.3622498   7.7129922   7.0269276   6.7124650   
1.6486527   2.7232913   3.0316494   3.3014480   3.3261516   3.6515965   4.1076916   4.1893348   4.3301825   4.4379341   4.4829085   4.9404238   5.0364787   5.3494144   5.6703184   5.7578740   5.9678292   7.5120302   7.7935465   8.0047227   9.9092297   11.821387   2.4190000e+08  9.8601537   9.2000410   8.6922398   8.4948939   7.9344914   7.0128086   6.1807262   
1.6127631   2.6539053   2.9922374   3.2909722   3.3069717   3.5319378   3.9346002   3.9807954   4.2610332   4.3348195   4.4682300   5.0742839   5.1168731   5.4660722   5.7689543   5.8074342   5.8609492   7.5697735   8.2152989   8.0733955   8.8082611   10.342000   9.8601537   2.4190000e+08  14.882747   11.884983   10.789317   9.4292686   7.9961235   7.1623578   
1.5935383   2.6028834   2.9561111   3.2411276   3.2734753   3.4540328   3.8142509   3.8899589   4.1900934   4.2912771   4.3444629   5.0210883   5.1263749   5.4005325   5.7145918   5.8339634   5.9060449   6.9476294   7.8936336   7.9310081   8.0881132   9.7253697   9.2000410   14.882747   2.4190000e+08  15.936216   13.104744   11.441330   9.2468677   7.7342887   
1.5738390   2.5413175   2.8968494   3.1754760   3.2127476   3.3762855   3.7161250   3.7945432   4.0980941   4.2002259   4.2020020   4.8837325   5.0368739   5.2558031   5.6284834   5.7607873   5.8284413   6.6184673   7.6989182   7.7763535   7.8254126   9.2774929   8.6922398   11.884983   15.936216   2.4190000e+08  15.775842   12.727277   10.286863   8.6598840   
1.5446648   2.4923671   2.8180411   3.0451415   3.0782688   3.3002212   3.5836647   3.6559790   3.9626097   4.0539019   4.0686523   4.6413967   4.7677168   5.0508633   5.3159205   5.4478765   5.6096841   6.2730495   7.1399783   7.2759177   7.2728655   8.3622498   8.4948939   10.789317   13.104744   15.775842   2.4190000e+08  17.272948   11.338332   8.6255986   
1.5231023   2.4326365   2.7381230   2.9433088   2.9801385   3.1902343   3.4545899   3.5398327   3.7837292   3.8806790   3.9245610   4.4184208   4.5602162   4.8271185   5.0700112   5.2157182   5.3268133   5.9286576   6.7131891   6.9336473   6.8320832   7.7129922   7.9344914   9.4292686   11.441330   12.727277   17.272948   2.4190000e+08  12.983884   8.5799156   
1.4984856   2.3531830   2.6607443   2.8419767   2.8776862   3.0548960   3.3377437   3.4210472   3.6295281   3.7222440   3.7518702   4.1895194   4.3216931   4.4836307   4.7582479   4.8847035   4.8864077   5.4132390   6.1953911   6.4023531   6.2353552   7.0269276   7.0128086   7.9961235   9.2468677   10.286863   11.338332   12.983884   2.4190000e+08  9.3600124   
1.4650011   2.2438612   2.5730455   2.7477732   2.7714672   2.9068350   3.2119576   3.2708712   3.4693055   3.5328424   3.5512268   4.1177440   4.2090454   4.2563542   4.5122679   4.5739964   4.5818712   5.1270078   5.9343627   6.1044358   6.1338073   6.7124650   6.1807262   7.1623578   7.7342887   8.6598840   8.6255986   8.5799156   9.3600124   2.4190000e+08  

Time to read / assemble data =  1298.6320283412933
Time to run Markov =  85.95185732841492
