WARNING: Parameter active_space is not defined! in the input parametersUse the default value 
WARNING: Parameter active_space is not defined! in the input parametersUse the default value 
WARNING: Parameter active_space is not defined! in the input parametersUse the default value 
WARNING: Parameter active_space is not defined! in the input parametersUse the default value 
WARNING: Parameter active_space is not defined! in the input parametersUse the default value 
WARNING: Parameter active_space is not defined! in the input parametersUse the default value 
WARNING: Parameter active_space is not defined! in the input parametersUse the default value 
WARNING: Parameter active_space is not defined! in the input parametersUse the default value 
WARNING: Parameter active_space is not defined! in the input parametersUse the default value 
WARNING: Parameter active_space is not defined! in the input parametersUse the default value 
2.4190000e+08  2.6485973   4.6742779   4.0612528   4.4207613   4.8420969   5.0390309   5.1970164   5.7856957   5.7778603   5.6178873   5.5712125   5.5763986   5.4064306   5.5786111   5.7521301   5.3735482   5.5394535   5.7093015   5.6415652   5.8587731   6.1360871   5.7528021   5.9448932   6.0459835   5.9317295   5.4417491   5.5233700   5.3400745   5.1637612   
2.6485973   2.4190000e+08  3.2469459   3.2123258   3.1681108   2.8328186   2.7791494   2.8120352   2.9429581   2.8567784   2.9226523   2.8951278   2.7862043   2.8864382   2.8337753   2.7552340   2.8690631   2.8542602   2.7949929   2.8693159   2.8820412   2.8427306   2.8869159   2.8600254   2.8984179   2.7952187   2.7351275   2.7560696   2.7765782   2.7815794   
4.6742779   3.2469459   2.4190000e+08  8.5722218   8.2171411   5.7132879   5.5135486   5.6457513   5.6288836   5.6415339   5.4411499   5.6701928   5.6970033   5.6875542   5.5222182   5.7118035   5.4424775   5.4876051   5.4554520   5.4206145   5.3271363   5.3538427   5.3481961   5.2346077   5.2260751   5.1675842   5.0326213   5.2994245   5.1199848   5.0412043   
4.0612528   3.2123258   8.5722218   2.4190000e+08  9.1315106   5.4190671   5.3824368   5.4328660   5.2116946   5.4049011   5.2385291   5.1952897   5.2764851   5.3769316   5.0517302   5.1704259   5.0990011   5.1562800   5.1073167   5.1314603   4.9708750   4.9811177   5.0184689   4.8810752   4.8377787   4.7791436   4.6936420   4.9657200   4.7402261   4.6698039   
4.4207613   3.1681108   8.2171411   9.1315106   2.4190000e+08  6.5878138   6.2532437   6.2958653   5.9747004   6.1495945   5.8607090   5.8927127   6.0079819   6.1167681   5.7643940   5.9203023   5.7809841   5.9867235   5.8777696   5.8835991   5.7386332   5.6432632   5.7006699   5.5492596   5.4405052   5.3508246   5.2637558   5.5936049   5.3460345   5.3147920   
4.8420969   2.8328186   5.7132879   5.4190671   6.5878138   2.4190000e+08  7.1979095   7.5160117   6.8085077   6.9939537   6.5273447   6.1731465   6.3273333   6.2294582   5.8888257   6.1087889   5.9228649   6.2544166   6.2497826   6.0137868   5.9380498   5.9435224   5.7758266   5.9371769   5.9135819   5.7014531   5.6522796   5.8936721   5.6409023   5.7727575   
5.0390309   2.7791494   5.5135486   5.3824368   6.2532437   7.1979095   2.4190000e+08  15.319115   7.5932965   7.8768259   7.0159890   6.3686254   6.7459766   6.3301663   6.1606172   6.3554864   5.9755416   6.3928132   6.6473501   6.4018518   6.0931344   6.1909923   6.1362711   6.1631200   6.1325051   6.0464593   5.8472506   6.0650860   5.8206561   6.0244106   
5.1970164   2.8120352   5.6457513   5.4328660   6.2958653   7.5160117   15.319115   2.4190000e+08  8.3447945   8.6201464   7.4297221   6.6316820   7.0500191   6.6445228   6.3814338   6.5984811   6.1631307   6.6066633   6.8264756   6.5755613   6.3641692   6.4987165   6.3567131   6.4338907   6.4981947   6.3306050   6.0963900   6.4131341   6.1491002   6.3662022   
5.7856957   2.9429581   5.6288836   5.2116946   5.9747004   6.8085077   7.5932965   8.3447945   2.4190000e+08  10.770332   10.251448   8.4156009   7.9098806   7.9726961   7.3781412   7.2737069   7.1304674   7.3103795   7.3020445   7.3247813   7.1173365   7.2172073   7.0913587   7.3408400   7.4459242   6.9502978   6.7246265   6.9416945   6.6575059   7.0014505   
5.7778603   2.8567784   5.6415339   5.4049011   6.1495945   6.9939537   7.8768259   8.6201464   10.770332   2.4190000e+08  11.783144   7.8861582   8.5797512   7.7436395   7.5233965   7.8566133   7.1903718   7.5788292   7.6790601   7.2517216   7.2108387   7.3639970   7.0091132   7.4788701   7.5253904   7.0282501   6.7343970   7.1121085   6.6708940   6.9934011   
5.6178873   2.9226523   5.4411499   5.2385291   5.8607090   6.5273447   7.0159890   7.4297221   10.251448   11.783144   2.4190000e+08  8.6396647   8.7203517   8.5119523   7.6763755   7.6716886   7.4090438   7.4521362   7.4057443   7.3584949   7.2672641   7.3701086   7.0226051   7.4639972   7.6035287   6.9813891   6.8059195   7.0843389   6.7028321   6.8250346   
5.5712125   2.8951278   5.6701928   5.1952897   5.8927127   6.1731465   6.3686254   6.6316820   8.4156009   7.8861582   8.6396647   2.4190000e+08  12.020548   11.803893   9.8623239   8.5261635   8.7078745   8.3203159   8.3206831   8.0341120   7.4730792   7.4993150   7.2847402   7.5718423   7.4506432   7.0361698   6.6065132   6.6539563   6.4796479   6.4795395   
5.5763986   2.7862043   5.6970033   5.2764851   6.0079819   6.3273333   6.7459766   7.0500191   7.9098806   8.5797512   8.7203517   12.020548   2.4190000e+08  13.224763   10.207408   9.6542619   8.6658010   8.3426362   8.5055560   8.0617621   7.7957367   7.7534670   7.4727403   7.8382164   7.4888525   7.1961390   6.9606419   6.9733442   6.7654024   6.5671519   
5.4064306   2.8864382   5.6875542   5.3769316   6.1167681   6.2294582   6.3301663   6.6445228   7.9726961   7.7436395   8.5119523   11.803893   13.224763   2.4190000e+08  10.659257   9.5559679   9.3022501   8.4878029   8.6115020   8.2140699   7.8139103   7.7256077   7.5223678   7.7010889   7.4796605   7.0507718   6.6953463   6.6972209   6.5779670   6.4243514   
5.5786111   2.8337753   5.5222182   5.0517302   5.7643940   5.8888257   6.1606172   6.3814338   7.3781412   7.5233965   7.6763755   9.8623239   10.207408   10.659257   2.4190000e+08  13.539530   10.568580   9.7311350   9.3170830   8.6835926   8.1987124   8.0171914   7.8063079   8.2937978   8.0571990   7.6472663   7.0811642   7.0695497   6.9201391   6.5816887   
5.7521301   2.7552340   5.7118035   5.1704259   5.9203023   6.1087889   6.3554864   6.5984811   7.2737069   7.8566133   7.6716886   8.5261635   9.6542619   9.5559679   13.539530   2.4190000e+08  10.494495   9.7681949   9.9559070   8.4719423   8.2782802   8.2933921   7.7890030   8.0839723   7.9389674   7.7125840   7.1486663   7.2581484   6.9628160   6.6353281   
5.3735482   2.8690631   5.4424775   5.0990011   5.7809841   5.9228649   5.9755416   6.1631307   7.1304674   7.1903718   7.4090438   8.7078745   8.6658010   9.3022501   10.568580   10.494495   2.4190000e+08  10.850572   10.154695   9.6981160   8.5815630   8.0123935   8.2495699   7.9015022   7.5655236   7.3311307   6.8362394   6.5849738   6.7134445   6.5623264   
5.5394535   2.8542602   5.4876051   5.1562800   5.9867235   6.2544166   6.3928132   6.6066633   7.3103795   7.5788292   7.4521362   8.3203159   8.3426362   8.4878029   9.7311350   9.7681949   10.850572   2.4190000e+08  14.555516   11.143003   9.4558770   8.9961922   8.7719866   8.5857021   8.2022146   7.6665665   7.1163176   7.1031988   6.9153196   6.9378421   
5.7093015   2.7949929   5.4554520   5.1073167   5.8777696   6.2497826   6.6473501   6.8264756   7.3020445   7.6790601   7.4057443   8.3206831   8.5055560   8.6115020   9.3170830   9.9559070   10.154695   14.555516   2.4190000e+08  11.823500   9.4088199   9.4787483   8.7086766   8.5583708   8.2130625   7.9522422   7.1506426   7.0468601   6.8609787   6.8810530   
5.6415652   2.8693159   5.4206145   5.1314603   5.8835991   6.0137868   6.4018518   6.5755613   7.3247813   7.2517216   7.3584949   8.0341120   8.0617621   8.2140699   8.6835926   8.4719423   9.6981160   11.143003   11.823500   2.4190000e+08  11.113131   10.150012   9.9721717   8.9001636   8.4810812   8.0715999   7.1643773   7.1280614   7.0049723   6.9808184   
5.8587731   2.8820412   5.3271363   4.9708750   5.7386332   5.9380498   6.0931344   6.3641692   7.1173365   7.2108387   7.2672641   7.4730792   7.7957367   7.8139103   8.1987124   8.2782802   8.5815630   9.4558770   9.4088199   11.113131   2.4190000e+08  14.732093   11.824685   9.9441746   9.3874235   8.4068967   7.3186376   7.3917680   7.1616532   6.8635775   
6.1360871   2.8427306   5.3538427   4.9811177   5.6432632   5.9435224   6.1909923   6.4987165   7.2172073   7.3639970   7.3701086   7.4993150   7.7534670   7.7256077   8.0171914   8.2933921   8.0123935   8.9961922   9.4787483   10.150012   14.732093   2.4190000e+08  12.189251   9.6183923   9.5984021   8.3385049   6.9513988   7.1872644   6.8270604   6.6263043   
5.7528021   2.8869159   5.3481961   5.0184689   5.7006699   5.7758266   6.1362711   6.3567131   7.0913587   7.0091132   7.0226051   7.2847402   7.4727403   7.5223678   7.8063079   7.7890030   8.2495699   8.7719866   8.7086766   9.9721717   11.824685   12.189251   2.4190000e+08  10.274553   9.3040849   8.7184025   7.3806026   7.3399784   7.2648100   6.9695570   
5.9448932   2.8600254   5.2346077   4.8810752   5.5492596   5.9371769   6.1631200   6.4338907   7.3408400   7.4788701   7.4639972   7.5718423   7.8382164   7.7010889   8.2937978   8.0839723   7.9015022   8.5857021   8.5583708   8.9001636   9.9441746   9.6183923   10.274553   2.4190000e+08  14.405165   11.487921   9.0896103   8.5248743   8.3619623   7.6331190   
6.0459835   2.8984179   5.2260751   4.8377787   5.4405052   5.9135819   6.1325051   6.4981947   7.4459242   7.5253904   7.6035287   7.4506432   7.4888525   7.4796605   8.0571990   7.9389674   7.5655236   8.2022146   8.2130625   8.4810812   9.3874235   9.5984021   9.3040849   14.405165   2.4190000e+08  11.694201   8.3901570   8.4731047   7.8198163   7.5437364   
5.9317295   2.7952187   5.1675842   4.7791436   5.3508246   5.7014531   6.0464593   6.3306050   6.9502978   7.0282501   6.9813891   7.0361698   7.1961390   7.0507718   7.6472663   7.7125840   7.3311307   7.6665665   7.9522422   8.0715999   8.4068967   8.3385049   8.7184025   11.487921   11.694201   2.4190000e+08  9.7834943   9.1098204   8.8302994   7.8191297   
5.4417491   2.7351275   5.0326213   4.6936420   5.2637558   5.6522796   5.8472506   6.0963900   6.7246265   6.7343970   6.8059195   6.6065132   6.9606419   6.6953463   7.0811642   7.1486663   6.8362394   7.1163176   7.1506426   7.1643773   7.3186376   6.9513988   7.3806026   9.0896103   8.3901570   9.7834943   2.4190000e+08  12.270024   11.129301   8.5262860   
5.5233700   2.7560696   5.2994245   4.9657200   5.5936049   5.8936721   6.0650860   6.4131341   6.9416945   7.1121085   7.0843389   6.6539563   6.9733442   6.6972209   7.0695497   7.2581484   6.5849738   7.1031988   7.0468601   7.1280614   7.3917680   7.1872644   7.3399784   8.5248743   8.4731047   9.1098204   12.270024   2.4190000e+08  11.785540   8.7553658   
5.3400745   2.7765782   5.1199848   4.7402261   5.3460345   5.6409023   5.8206561   6.1491002   6.6575059   6.6708940   6.7028321   6.4796479   6.7654024   6.5779670   6.9201391   6.9628160   6.7134445   6.9153196   6.8609787   7.0049723   7.1616532   6.8270604   7.2648100   8.3619623   7.8198163   8.8302994   11.129301   11.785540   2.4190000e+08  8.8894456   
5.1637612   2.7815794   5.0412043   4.6698039   5.3147920   5.7727575   6.0244106   6.3662022   7.0014505   6.9934011   6.8250346   6.4795395   6.5671519   6.4243514   6.5816887   6.6353281   6.5623264   6.9378421   6.8810530   6.9808184   6.8635775   6.6263043   6.9695570   7.6331190   7.5437364   7.8191297   8.5262860   8.7553658   8.8894456   2.4190000e+08  

Time to read / assemble data =  1308.8545398712158
Time to run Markov =  85.58227038383484
