WARNING: Parameter active_space is not defined! in the input parametersUse the default value 
WARNING: Parameter active_space is not defined! in the input parametersUse the default value 
WARNING: Parameter active_space is not defined! in the input parametersUse the default value 
WARNING: Parameter active_space is not defined! in the input parametersUse the default value 
WARNING: Parameter active_space is not defined! in the input parametersUse the default value 
WARNING: Parameter active_space is not defined! in the input parametersUse the default value 
WARNING: Parameter active_space is not defined! in the input parametersUse the default value 
WARNING: Parameter active_space is not defined! in the input parametersUse the default value 
WARNING: Parameter active_space is not defined! in the input parametersUse the default value 
WARNING: Parameter active_space is not defined! in the input parametersUse the default value 
2.4190000e+08  6.9218410   7.4061539   7.7041938   7.6330842   7.9835611   8.5618398   8.7189644   8.6442732   8.8123376   9.0412412   9.2912969   9.7169039   9.8094159   9.8240928   9.9556701   10.007954   9.9801508   10.210512   10.335032   10.478415   10.857338   11.070532   11.176262   11.311315   11.391997   11.498026   11.611595   11.589892   11.592436   11.614155   11.666405   11.643285   11.620140   11.644772   11.626033   11.579709   11.656299   11.721306   11.750432   11.765470   11.738461   11.712628   11.713681   11.690303   11.678574   11.631247   11.608119   11.573153   11.572938   11.619371   11.657622   11.684215   11.752408   11.844475   11.889431   11.896987   11.925247   12.020584   12.062010   12.094263   12.194385   12.275171   12.286912   12.312776   12.336183   12.387480   12.430019   12.442469   12.453847   12.426791   12.359652   12.332711   12.329059   12.330339   12.314404   12.346156   12.356708   12.241942   12.196974   12.189177   12.154299   12.153760   12.145377   12.135077   12.112946   12.133366   12.165136   12.218119   12.202611   12.213595   12.204265   12.221447   12.268949   12.352024   12.374151   12.367431   12.361020   12.348062   12.366988   
6.9218410   2.4190000e+08  14.095570   15.330119   15.569898   15.094303   13.999094   13.986379   12.850309   11.153574   11.468418   11.978443   12.048013   12.270260   12.399129   12.518939   12.454533   12.342528   12.090612   11.897649   11.795242   11.480082   11.301337   11.086192   10.982666   10.809747   10.691411   10.514050   10.406392   10.329435   10.266426   10.187236   10.159451   10.121687   10.037789   10.018321   9.9511837   9.9312974   9.9189715   9.9105136   9.8555902   9.8394793   9.7972309   9.7521511   9.7021440   9.6521441   9.6286542   9.5853202   9.5214892   9.4666779   9.4238122   9.4275921   9.4196331   9.3844638   9.3433562   9.3314275   9.3028184   9.2896433   9.3009871   9.3192627   9.3568596   9.3855595   9.3762964   9.3807788   9.3624714   9.3822356   9.3962627   9.4046832   9.4065349   9.3876969   9.3861464   9.3742617   9.3679938   9.3735296   9.3565307   9.3597085   9.3965836   9.4136311   9.4607533   9.4632771   9.4765623   9.4979893   9.5433195   9.5677928   9.6056087   9.5964222   9.6050480   9.5838655   9.5591137   9.5507069   9.5378583   9.5289336   9.5096429   9.4905575   9.4325829   9.4396226   9.4384371   9.4154071   9.3783649   9.3428649   
7.4061539   14.095570   2.4190000e+08  20.283359   17.866407   17.070708   15.182023   14.800144   13.990419   12.953689   12.646186   12.923274   13.156887   13.561267   13.743988   13.802502   13.566226   13.430503   13.125787   12.802538   12.655060   12.326813   12.282564   12.127044   12.009210   11.797234   11.600932   11.460091   11.304681   11.180497   11.063000   10.972731   10.949592   10.895423   10.799057   10.763073   10.677941   10.677506   10.664952   10.675760   10.596048   10.579495   10.529984   10.433802   10.359688   10.279070   10.251212   10.211675   10.140462   10.086315   10.046446   10.032986   10.031974   9.9957087   9.9411612   9.9245412   9.8994048   9.8852822   9.9027648   9.9207394   9.9403478   9.9672509   9.9697901   9.9722715   9.9553335   9.9682012   9.9699017   9.9842436   9.9959379   9.9523011   9.9783186   9.9750847   9.9555594   9.9422529   9.9041384   9.9115568   9.9539342   9.9543445   9.9998227   9.9782384   9.9943451   10.027917   10.088670   10.107016   10.158380   10.165906   10.162800   10.153383   10.143029   10.140303   10.135653   10.148002   10.153985   10.130585   10.095448   10.090826   10.106084   10.076519   10.046320   10.010249   
7.7041938   15.330119   20.283359   2.4190000e+08  30.681484   23.192473   19.099749   18.384473   16.628314   14.355017   14.637255   14.920906   15.437243   16.207798   16.374350   16.203186   15.676827   15.499020   15.144891   14.738870   14.525285   13.907955   13.689406   13.497532   13.281902   12.995770   12.770243   12.564402   12.392589   12.282963   12.157727   12.083473   12.068955   11.995347   11.880820   11.847241   11.760442   11.740237   11.746112   11.752109   11.661010   11.628184   11.553810   11.450694   11.352614   11.254706   11.205420   11.116879   11.007087   10.928670   10.872029   10.850177   10.823310   10.767592   10.708351   10.685856   10.664920   10.663803   10.681624   10.680221   10.684405   10.709526   10.706563   10.701627   10.668194   10.693269   10.709139   10.718906   10.737675   10.712669   10.742607   10.752499   10.742586   10.737229   10.705976   10.713514   10.752622   10.748837   10.803957   10.789827   10.812953   10.846050   10.914261   10.930060   11.004801   11.016544   11.014929   11.007090   10.978167   10.965540   10.955908   10.976684   10.983444   10.944107   10.905375   10.896753   10.917688   10.888356   10.843957   10.803546   
7.6330842   15.569898   17.866407   30.681484   2.4190000e+08  30.266509   22.279114   20.634614   17.541842   14.507157   14.882301   15.122365   15.639187   16.600514   16.647131   16.596910   16.166287   16.015967   15.414985   15.040008   14.749855   14.135802   13.885373   13.628451   13.378419   13.077094   12.851228   12.627023   12.431529   12.324952   12.235075   12.141216   12.136060   12.062475   11.948606   11.929131   11.818763   11.790401   11.807746   11.824803   11.751146   11.713655   11.641130   11.533168   11.465164   11.382437   11.338634   11.249235   11.136180   11.049788   10.969860   10.953442   10.923266   10.847241   10.789003   10.752769   10.735167   10.737554   10.759439   10.754105   10.757501   10.790722   10.776238   10.770842   10.732454   10.749097   10.754714   10.766065   10.782474   10.756279   10.786608   10.800590   10.789055   10.780521   10.746911   10.742296   10.783310   10.781639   10.837130   10.831503   10.853827   10.884539   10.948561   10.970539   11.033949   11.038961   11.025427   11.013803   10.979112   10.965526   10.961501   10.970240   10.972367   10.933606   10.890365   10.889858   10.913216   10.887302   10.839375   10.801117   
7.9835611   15.094303   17.070708   23.192473   30.266509   2.4190000e+08  27.779204   23.670355   19.441165   15.523720   15.695454   16.069146   16.443268   17.399986   17.634981   17.802634   17.610143   17.414713   16.714443   16.210543   15.854081   15.168675   14.867508   14.631564   14.343285   14.051823   13.810949   13.552343   13.331890   13.284916   13.163260   13.085929   13.100637   12.999498   12.870445   12.852221   12.704298   12.685709   12.683766   12.709849   12.646537   12.599662   12.508876   12.395589   12.327501   12.224411   12.182265   12.089285   11.961566   11.864892   11.768535   11.751099   11.717804   11.637717   11.559096   11.526550   11.493084   11.478116   11.512718   11.510633   11.517142   11.549242   11.530292   11.522838   11.470302   11.491689   11.506829   11.522497   11.536170   11.499979   11.525697   11.537390   11.519450   11.505343   11.475347   11.477961   11.523201   11.538971   11.620014   11.606269   11.638965   11.673431   11.750478   11.782153   11.841214   11.844864   11.808527   11.782553   11.764596   11.738627   11.725690   11.742958   11.730606   11.698830   11.632862   11.625850   11.632495   11.589183   11.546136   11.506094   
8.5618398   13.999094   15.182023   19.099749   22.279114   27.779204   2.4190000e+08  33.158724   21.386703   16.132329   16.757436   17.137094   17.820107   18.900860   19.100043   19.484775   19.336822   19.274965   18.357186   17.771357   17.562047   16.815292   16.479495   16.221257   15.922094   15.512935   15.196717   14.859689   14.561675   14.469347   14.327924   14.233266   14.212223   14.134850   13.982616   13.989916   13.795381   13.750214   13.761420   13.784087   13.729296   13.694202   13.578589   13.441691   13.339663   13.240936   13.183404   13.071608   12.936283   12.838102   12.744586   12.747158   12.687016   12.581989   12.499278   12.463818   12.437521   12.447525   12.490554   12.480367   12.508252   12.536346   12.525620   12.516115   12.464131   12.478172   12.507882   12.535808   12.551947   12.503697   12.530032   12.551546   12.532595   12.509188   12.470795   12.475428   12.514575   12.526424   12.605125   12.584933   12.606617   12.642654   12.738031   12.770172   12.816919   12.793391   12.756590   12.754318   12.742938   12.717013   12.717184   12.735454   12.735431   12.701344   12.632921   12.644387   12.654115   12.600738   12.560392   12.526201   
8.7189644   13.986379   14.800144   18.384473   20.634614   23.670355   33.158724   2.4190000e+08  23.849233   16.912367   17.076904   17.378065   18.233508   19.248400   19.503031   19.742865   19.668595   19.696912   18.975517   18.322361   18.156340   17.448458   17.054761   16.754853   16.486887   16.045985   15.730124   15.373263   15.036935   14.925901   14.797600   14.685880   14.653838   14.592125   14.465510   14.439827   14.203715   14.151237   14.149302   14.174142   14.094750   14.045026   13.950333   13.804990   13.721834   13.614112   13.531630   13.419409   13.250858   13.169816   13.099442   13.106357   13.061221   12.965470   12.897425   12.846730   12.802004   12.820846   12.858852   12.839604   12.864904   12.889081   12.875883   12.861028   12.798299   12.809036   12.822171   12.854554   12.860479   12.832590   12.858784   12.896872   12.888937   12.871082   12.821862   12.851480   12.887205   12.901064   12.979082   12.943711   12.942371   12.999834   13.082808   13.116220   13.165089   13.135976   13.099142   13.102429   13.102054   13.068821   13.050681   13.051535   13.054650   12.997751   12.926734   12.946709   12.959671   12.892682   12.850948   12.817659   
8.6442732   12.850309   13.990419   16.628314   17.541842   19.441165   21.386703   23.849233   2.4190000e+08  21.196277   18.146213   18.034469   17.975312   18.383849   18.380597   18.384511   18.604181   18.526360   18.285344   18.017363   17.957113   17.386603   17.043158   16.712349   16.621317   16.303232   15.985828   15.760874   15.488531   15.340063   15.074799   15.005498   15.001777   14.901038   14.752929   14.731903   14.568080   14.540919   14.547403   14.559960   14.456490   14.368831   14.290654   14.128537   14.001068   13.879393   13.827941   13.721113   13.554781   13.453823   13.381148   13.410387   13.369676   13.320905   13.232207   13.166041   13.111865   13.096611   13.103104   13.069644   13.128656   13.158040   13.099842   13.097787   13.017414   13.044118   13.049342   13.066978   13.076968   13.034223   13.057843   13.076352   13.034086   13.019530   12.954080   12.956140   12.982754   13.012918   13.099155   13.099427   13.149286   13.212078   13.318329   13.357796   13.411289   13.412188   13.393020   13.379066   13.368919   13.346455   13.326435   13.367201   13.364679   13.293525   13.238458   13.231412   13.239500   13.173246   13.120210   13.072630   
8.8123376   11.153574   12.953689   14.355017   14.507157   15.523720   16.132329   16.912367   21.196277   2.4190000e+08  20.920082   19.096153   17.933409   17.488325   17.220856   16.987605   16.904658   16.869361   16.822787   16.654281   16.782963   16.735751   16.607421   16.566700   16.468317   16.411041   16.109451   15.806900   15.535320   15.387971   15.171564   15.213221   15.220773   15.182922   15.101072   15.038506   14.957315   14.953686   14.950622   14.925840   14.829251   14.751232   14.718861   14.557232   14.392170   14.282382   14.178403   14.061634   13.896442   13.793778   13.764473   13.760969   13.746455   13.694537   13.612161   13.577388   13.497747   13.463594   13.448144   13.410021   13.459154   13.480182   13.435827   13.418375   13.355443   13.334272   13.329883   13.353797   13.349935   13.290417   13.308285   13.281404   13.228968   13.204020   13.140994   13.103065   13.096751   13.137429   13.207299   13.183968   13.219004   13.313291   13.410982   13.467578   13.568913   13.588990   13.563154   13.526519   13.520552   13.516914   13.481159   13.531551   13.531449   13.466037   13.406715   13.337540   13.333460   13.273072   13.224266   13.184571   
9.0412412   11.468418   12.646186   14.637255   14.882301   15.695454   16.757436   17.076904   18.146213   20.920082   2.4190000e+08  34.457471   26.466369   23.347378   21.829539   20.757396   20.019155   19.659304   18.860853   18.417446   18.461956   18.343643   18.105788   17.873352   17.942861   17.854997   17.678490   17.410256   17.136188   17.098511   16.956109   16.960283   17.016047   17.046973   16.953564   16.877266   16.715753   16.663946   16.730971   16.824579   16.698523   16.591634   16.491486   16.217112   15.965412   15.780134   15.673248   15.512176   15.289115   15.142490   15.065185   15.063325   15.030968   14.955956   14.885298   14.858215   14.833260   14.803509   14.777687   14.746489   14.812554   14.847441   14.832313   14.817210   14.738831   14.735554   14.711452   14.734605   14.775875   14.724567   14.753791   14.724838   14.677584   14.648260   14.543343   14.524755   14.493992   14.530672   14.590632   14.553510   14.575820   14.688700   14.755107   14.784284   14.841668   14.878329   14.872690   14.839712   14.807772   14.757088   14.691842   14.732115   14.726497   14.613683   14.526559   14.509694   14.534275   14.455997   14.401500   14.366644   
9.2912969   11.978443   12.923274   14.920906   15.122365   16.069146   17.137094   17.378065   18.034469   19.096153   34.457471   2.4190000e+08  34.055186   27.370432   24.560156   22.963200   21.826588   21.306734   20.281822   19.611399   19.746320   19.469303   19.164775   18.885983   18.973402   18.824782   18.683645   18.408609   17.967028   17.913331   17.770814   17.747349   17.814619   17.826207   17.743682   17.655423   17.494630   17.420276   17.482825   17.577718   17.404420   17.232460   17.115842   16.818615   16.542553   16.363713   16.266151   16.069043   15.829718   15.628433   15.525584   15.542417   15.526197   15.435257   15.390389   15.364071   15.337865   15.299300   15.266479   15.273165   15.343836   15.390577   15.363011   15.351440   15.271675   15.292303   15.309328   15.350616   15.397718   15.362123   15.380665   15.367007   15.302857   15.238671   15.113667   15.073726   15.046962   15.096321   15.173126   15.131349   15.158758   15.266478   15.341097   15.370292   15.437507   15.434981   15.449635   15.411332   15.350517   15.297676   15.216541   15.245092   15.227830   15.121095   15.043330   15.035238   15.057411   14.978841   14.930254   14.877329   
9.7169039   12.048013   13.156887   15.437243   15.639187   16.443268   17.820107   18.233508   17.975312   17.933409   26.466369   34.055186   2.4190000e+08  39.175215   31.880300   27.750603   25.446547   24.328029   22.713937   21.868143   21.721518   21.560677   21.099537   20.806909   20.844751   20.658133   20.319750   19.893385   19.388277   19.336166   19.178713   19.152568   19.242815   19.304167   19.141691   19.022375   18.838343   18.798834   18.796809   18.828980   18.611819   18.414239   18.269813   17.977031   17.704812   17.511881   17.417275   17.227482   16.959495   16.760153   16.658936   16.686336   16.638443   16.529970   16.486930   16.439128   16.437923   16.422210   16.411498   16.410596   16.495003   16.576214   16.566790   16.531177   16.461791   16.457630   16.463345   16.492861   16.514493   16.445455   16.451678   16.433939   16.355517   16.276837   16.176752   16.197841   16.209416   16.219753   16.297477   16.233105   16.247153   16.343039   16.409320   16.459805   16.536361   16.515322   16.517105   16.530469   16.473884   16.393741   16.302747   16.351137   16.339436   16.217160   16.129960   16.151336   16.147199   16.044702   15.982903   15.942341   
9.8094159   12.270260   13.561267   16.207798   16.600514   17.399986   18.900860   19.248400   18.383849   17.488325   23.347378   27.370432   39.175215   2.4190000e+08  44.548585   34.272871   29.727612   27.401376   25.134316   23.906657   23.289651   22.725522   22.112181   21.784033   21.622438   21.333094   20.876846   20.527564   19.966602   19.839649   19.614610   19.523134   19.599018   19.613008   19.390996   19.302864   19.021497   18.969518   18.964565   19.008604   18.722599   18.531107   18.394178   18.104578   17.860373   17.622770   17.505350   17.323119   17.094888   16.934227   16.799589   16.783674   16.686327   16.563547   16.508931   16.452002   16.448441   16.484221   16.502537   16.519209   16.589359   16.629816   16.608838   16.586380   16.528612   16.545263   16.546832   16.588987   16.605108   16.549361   16.574105   16.589434   16.500455   16.411954   16.305917   16.323201   16.320521   16.287695   16.322379   16.318754   16.334019   16.416563   16.490478   16.537926   16.615265   16.584217   16.571523   16.576552   16.535364   16.456532   16.355331   16.401380   16.393885   16.286990   16.211446   16.239047   16.215552   16.128118   16.068061   16.020534   
9.8240928   12.399129   13.743988   16.374350   16.647131   17.634981   19.100043   19.503031   18.380597   17.220856   21.829539   24.560156   31.880300   44.548585   2.4190000e+08  43.391984   34.373591   31.092699   27.469382   25.800301   24.902218   23.827837   23.105109   22.689982   22.327658   21.895213   21.425538   20.962467   20.416514   20.315432   20.050417   19.952246   19.986823   19.926634   19.631697   19.501986   19.217711   19.168930   19.111897   19.172146   18.935454   18.742877   18.631596   18.355397   18.088060   17.852570   17.732082   17.534192   17.290728   17.130166   16.984445   16.959884   16.851439   16.736815   16.689885   16.617164   16.596810   16.633021   16.660535   16.647662   16.747482   16.811796   16.837988   16.809998   16.737608   16.739038   16.714050   16.750836   16.781677   16.721667   16.736300   16.734785   16.661003   16.587539   16.493573   16.502233   16.524336   16.514054   16.555867   16.516910   16.535028   16.621988   16.699583   16.727576   16.814938   16.770624   16.751597   16.724749   16.698848   16.621230   16.545998   16.597738   16.607363   16.496984   16.397776   16.417764   16.394255   16.300199   16.209778   16.145833   
9.9556701   12.518939   13.802502   16.203186   16.596910   17.802634   19.484775   19.742865   18.384511   16.987605   20.757396   22.963200   27.750603   34.272871   43.391984   2.4190000e+08  46.472537   37.771378   31.160898   28.613855   27.225972   25.967564   25.041617   24.322850   23.842515   23.251337   22.584364   22.081197   21.362411   21.146738   20.919674   20.785512   20.843530   20.683736   20.411712   20.252421   19.915770   19.847693   19.862751   19.952508   19.722425   19.578355   19.396116   19.128855   18.837998   18.624828   18.530241   18.353661   18.096351   17.897023   17.694631   17.651299   17.543782   17.399836   17.301722   17.244160   17.181404   17.239805   17.308574   17.310140   17.402741   17.465973   17.482214   17.416739   17.294553   17.331053   17.329088   17.355973   17.369951   17.284173   17.335218   17.341274   17.261686   17.211204   17.101671   17.135234   17.183928   17.148819   17.214780   17.189067   17.262178   17.311736   17.402659   17.426094   17.512668   17.481375   17.416898   17.391384   17.348359   17.274416   17.191438   17.222596   17.212671   17.103006   16.989877   16.980002   16.939736   16.843431   16.760030   16.690838   
10.007954   12.454533   13.566226   15.676827   16.166287   17.610143   19.336822   19.668595   18.604181   16.904658   20.019155   21.826588   25.446547   29.727612   34.373591   46.472537   2.4190000e+08  49.363285   35.103880   31.402924   29.594065   27.739553   26.594779   25.792664   25.065279   24.398195   23.533915   23.072037   22.167498   21.916066   21.665288   21.452067   21.496074   21.225161   21.015359   20.905085   20.597848   20.487797   20.390546   20.530446   20.255633   20.125195   19.970358   19.736683   19.475057   19.247543   19.135171   18.960403   18.699292   18.500845   18.272518   18.197586   18.074242   17.927882   17.817055   17.742396   17.664089   17.717905   17.812263   17.818400   17.896241   17.956028   17.940469   17.890288   17.778099   17.837219   17.830575   17.838142   17.879754   17.790827   17.831820   17.857583   17.735287   17.706791   17.612680   17.614470   17.679317   17.663914   17.747753   17.714812   17.742807   17.794918   17.892439   17.903566   17.957990   17.919664   17.868841   17.848953   17.811476   17.733459   17.632789   17.639444   17.602608   17.514260   17.382146   17.392443   17.344686   17.215215   17.152732   17.111002   
9.9801508   12.342528   13.430503   15.499020   16.015967   17.414713   19.274965   19.696912   18.526360   16.869361   19.659304   21.306734   24.328029   27.401376   31.092699   37.771378   49.363285   2.4190000e+08  41.777714   34.570362   31.888242   29.340921   27.793544   26.659727   25.799861   24.956877   23.937082   23.342064   22.392806   22.115208   21.777886   21.591605   21.512962   21.267577   21.074095   20.957403   20.702809   20.519911   20.500592   20.589471   20.362725   20.223265   20.046755   19.801897   19.533173   19.345902   19.232812   19.071064   18.757332   18.593428   18.325303   18.267273   18.125033   17.967286   17.845124   17.788472   17.710647   17.740220   17.827629   17.811616   17.907662   17.983600   17.993275   17.913332   17.761944   17.833961   17.842956   17.886473   17.950284   17.855826   17.879727   17.897752   17.816828   17.802523   17.702623   17.707959   17.768683   17.756862   17.835226   17.780650   17.796492   17.880291   17.996917   18.013231   18.072925   18.037361   17.975309   17.938060   17.868598   17.776490   17.693514   17.708050   17.670873   17.564102   17.416931   17.406959   17.346860   17.218714   17.134220   17.067073   
10.210512   12.090612   13.125787   15.144891   15.414985   16.714443   18.357186   18.975517   18.285344   16.822787   18.860853   20.281822   22.713937   25.134316   27.469382   31.160898   35.103880   41.777714   2.4190000e+08  48.373714   38.976650   34.120362   31.380388   29.593941   28.161910   26.905554   25.703369   25.123097   24.170083   23.845966   23.474004   23.262648   23.101857   22.696853   22.534853   22.280052   22.003268   21.833057   21.821766   21.815302   21.579855   21.467397   21.299591   21.036326   20.802805   20.549744   20.384557   20.234800   19.890075   19.714185   19.448878   19.376231   19.208558   19.033443   18.823610   18.716787   18.621371   18.697218   18.788379   18.769640   18.882504   19.022701   19.010957   18.904084   18.716778   18.769513   18.805897   18.872543   18.953007   18.850722   18.840008   18.838231   18.747113   18.708629   18.664792   18.695493   18.776260   18.740900   18.853062   18.742715   18.709685   18.789073   18.869148   18.896108   18.956094   18.914203   18.819233   18.796722   18.730003   18.629896   18.508846   18.537561   18.519823   18.445979   18.259870   18.247681   18.197042   18.045543   17.961044   17.879000   
10.335032   11.897649   12.802538   14.738870   15.040008   16.210543   17.771357   18.322361   18.017363   16.654281   18.417446   19.611399   21.868143   23.906657   25.800301   28.613855   31.402924   34.570362   48.373714   2.4190000e+08  50.333402   39.709197   34.716453   32.223427   30.260396   28.879503   27.216687   26.447947   25.472064   25.084609   24.687709   24.466716   24.246445   23.823089   23.643427   23.340552   23.066031   22.889731   22.831492   22.809123   22.569647   22.370083   22.162066   21.916255   21.651349   21.336578   21.129754   20.981082   20.638405   20.405403   20.110503   20.035935   19.821037   19.611678   19.352827   19.244556   19.154880   19.268061   19.363319   19.356295   19.431150   19.579872   19.593505   19.474759   19.316795   19.409274   19.476805   19.533859   19.573712   19.473357   19.478714   19.470789   19.357504   19.267136   19.193923   19.209533   19.294209   19.234790   19.355375   19.261288   19.245279   19.319814   19.407733   19.436598   19.448721   19.406538   19.310446   19.273298   19.199321   19.075430   18.977493   18.995921   19.004093   18.917549   18.727679   18.708853   18.657968   18.533471   18.416893   18.317993   
10.478415   11.795242   12.655060   14.525285   14.749855   15.854081   17.562047   18.156340   17.957113   16.782963   18.461956   19.746320   21.721518   23.289651   24.902218   27.225972   29.594065   31.888242   38.976650   50.333402   2.4190000e+08  48.690263   39.189128   35.586574   32.924019   31.031952   29.174141   28.307970   26.946977   26.507406   26.090504   25.651139   25.422939   24.936093   24.600690   24.223682   23.945459   23.726959   23.648807   23.618128   23.363091   23.097053   22.918759   22.572744   22.301314   21.928803   21.705677   21.488774   21.153991   20.865947   20.571882   20.548009   20.367555   20.171895   19.942689   19.837715   19.713704   19.830642   19.920882   19.888123   20.017063   20.168007   20.209249   20.099172   19.947526   20.022924   20.106869   20.175683   20.238505   20.151060   20.146836   20.124302   20.006443   19.881121   19.796280   19.791380   19.859935   19.848797   19.982020   19.875285   19.858106   19.956739   20.065575   20.079251   20.093523   20.023878   19.919345   19.920984   19.874320   19.750530   19.636087   19.641755   19.644707   19.575741   19.386973   19.344701   19.299850   19.197182   19.084495   18.990210   
10.857338   11.480082   12.326813   13.907955   14.135802   15.168675   16.815292   17.448458   17.386603   16.735751   18.343643   19.469303   21.560677   22.725522   23.827837   25.967564   27.739553   29.340921   34.120362   39.709197   48.690263   2.4190000e+08  53.213896   43.514689   38.809335   35.573687   32.907991   31.232115   29.248776   28.320583   27.502222   27.151260   26.973545   26.551447   26.093269   25.653306   25.493818   25.288586   25.152944   25.075971   24.969529   24.510329   24.325855   23.919346   23.614524   23.211004   23.003964   22.876515   22.524672   22.207342   21.836734   21.876944   21.690641   21.483931   21.233181   21.177034   21.032504   21.098099   21.201697   21.180187   21.355395   21.558771   21.598863   21.414869   21.222923   21.273794   21.380578   21.455405   21.538843   21.471788   21.444009   21.369694   21.230351   21.094066   20.934245   20.896325   20.964714   20.906650   20.971473   20.872820   20.825549   20.885899   20.949031   20.996055   20.994883   20.888841   20.798586   20.830046   20.756957   20.630003   20.511110   20.547360   20.541410   20.455297   20.272045   20.196752   20.116826   19.978498   19.859331   19.751664   
11.070532   11.301337   12.282564   13.689406   13.885373   14.867508   16.479495   17.054761   17.043158   16.607421   18.105788   19.164775   21.099537   22.112181   23.105109   25.041617   26.594779   27.793544   31.380388   34.716453   39.189128   53.213896   2.4190000e+08  56.359024   45.148049   39.132482   35.247705   32.784589   30.628503   29.637599   28.585873   28.146003   27.828929   27.398554   27.000305   26.592012   26.317127   26.092687   26.030251   25.910264   25.739616   25.233753   24.996717   24.535550   24.175766   23.812175   23.639921   23.503519   23.105137   22.836011   22.447413   22.452671   22.261687   22.033340   21.778612   21.698540   21.552370   21.654589   21.766181   21.777310   21.941249   22.164084   22.197889   22.060382   21.805157   21.902838   22.017194   22.134524   22.305473   22.215441   22.233706   22.167042   22.054218   21.882538   21.756166   21.713326   21.781750   21.742668   21.771961   21.651070   21.576775   21.636752   21.646528   21.706066   21.727127   21.674975   21.545563   21.547439   21.494507   21.338068   21.201135   21.242241   21.220401   21.147122   20.972642   20.950516   20.894147   20.715027   20.594920   20.468751   
11.176262   11.086192   12.127044   13.497532   13.628451   14.631564   16.221257   16.754853   16.712349   16.566700   17.873352   18.885983   20.806909   21.784033   22.689982   24.322850   25.792664   26.659727   29.593941   32.223427   35.586574   43.514689   56.359024   2.4190000e+08  55.601745   44.167505   38.522139   35.712020   32.872627   31.456002   30.295714   29.614914   29.357093   28.870713   28.478122   27.947234   27.573308   27.293594   27.310618   27.187286   26.900943   26.342225   26.034294   25.534510   25.228170   24.787568   24.543542   24.411006   23.949013   23.721814   23.383382   23.395511   23.204763   22.914896   22.669389   22.520592   22.292800   22.417824   22.553720   22.517062   22.641386   22.873169   22.852598   22.668887   22.435337   22.489777   22.630568   22.737353   22.866177   22.702616   22.706726   22.673580   22.546621   22.380537   22.207759   22.137921   22.192999   22.174569   22.181145   22.027743   21.943217   22.023031   22.033167   22.094106   22.067668   21.965354   21.849097   21.888434   21.892406   21.719581   21.562073   21.625335   21.594117   21.571674   21.375071   21.342099   21.284585   21.089513   20.951465   20.826512   
11.311315   10.982666   12.009210   13.281902   13.378419   14.343285   15.922094   16.486887   16.621317   16.468317   17.942861   18.973402   20.844751   21.622438   22.327658   23.842515   25.065279   25.799861   28.161910   30.260396   32.924019   38.809335   45.148049   55.601745   2.4190000e+08  56.773666   46.308095   41.293292   37.105093   35.155526   33.481815   32.665175   32.167016   31.485101   30.910476   29.953632   29.475973   29.191071   29.046842   28.862241   28.505294   27.814290   27.507694   26.819614   26.531788   26.095944   25.757517   25.538425   25.086533   24.798504   24.397283   24.420622   24.224146   23.971246   23.701260   23.585265   23.420161   23.544238   23.681403   23.669551   23.794512   24.034178   24.004841   23.768588   23.538653   23.596059   23.733650   23.810795   23.974509   23.808171   23.751319   23.698784   23.598584   23.381241   23.184112   23.120370   23.169519   23.202349   23.230391   23.017945   22.951789   23.016021   23.006937   23.126927   23.112240   22.980999   22.871382   22.931141   22.962963   22.735071   22.610764   22.661674   22.616767   22.552307   22.371567   22.360865   22.257143   22.001936   21.891646   21.732467   
11.391997   10.809747   11.797234   12.995770   13.077094   14.051823   15.512935   16.045985   16.303232   16.411041   17.854997   18.824782   20.658133   21.333094   21.895213   23.251337   24.398195   24.956877   26.905554   28.879503   31.031952   35.573687   39.132482   44.167505   56.773666   2.4190000e+08  59.321859   48.278019   42.102697   38.758465   36.677765   35.965271   35.228820   34.202854   33.246072   32.013664   31.508275   31.186440   30.817738   30.515641   29.935666   29.289624   28.915843   28.148332   27.842780   27.331962   26.889657   26.658921   26.083333   25.757960   25.247046   25.331539   25.154038   24.921251   24.556338   24.431051   24.205107   24.347086   24.462545   24.418656   24.578288   24.816370   24.782566   24.513478   24.234872   24.258258   24.379645   24.405267   24.556438   24.450199   24.370388   24.342624   24.198265   24.039268   23.850725   23.832878   23.869108   23.869595   23.849558   23.620228   23.589802   23.643627   23.553051   23.675627   23.651756   23.541721   23.405558   23.480536   23.502614   23.356349   23.207753   23.240532   23.172468   23.093561   22.892298   22.811974   22.661285   22.460596   22.309836   22.124695   
11.498026   10.691411   11.600932   12.770243   12.851228   13.810949   15.196717   15.730124   15.985828   16.109451   17.678490   18.683645   20.319750   20.876846   21.425538   22.584364   23.533915   23.937082   25.703369   27.216687   29.174141   32.907991   35.247705   38.522139   46.308095   59.321859   2.4190000e+08  62.033124   48.773374   43.362448   40.343340   39.349947   37.996329   36.740583   35.520622   34.126202   33.337563   32.915632   32.184992   31.824173   31.316969   30.550594   30.114644   29.247797   28.925987   28.315195   27.821895   27.500151   26.831594   26.474815   25.956009   25.992519   25.812747   25.525599   25.170122   25.008355   24.776872   24.875119   25.044928   25.032250   25.163885   25.493121   25.422866   25.104706   24.824901   24.840143   24.958679   25.033238   25.148599   25.035770   24.962891   25.000115   24.856592   24.615023   24.425636   24.313238   24.254782   24.301072   24.261076   24.004187   23.979116   24.033222   23.943507   24.076757   24.102018   24.009824   23.926663   23.967562   23.957429   23.801905   23.719116   23.715385   23.628511   23.476301   23.304530   23.259073   23.116629   22.882003   22.762279   22.590825   
11.611595   10.514050   11.460091   12.564402   12.627023   13.552343   14.859689   15.373263   15.760874   15.806900   17.410256   18.408609   19.893385   20.527564   20.962467   22.081197   23.072037   23.342064   25.123097   26.447947   28.307970   31.232115   32.784589   35.712020   41.293292   48.278019   62.033124   2.4190000e+08  62.595321   50.748133   45.517002   43.077897   41.339360   39.434341   37.818940   36.174775   35.187745   34.788414   33.904048   33.581872   32.766552   32.203216   31.741409   30.906262   30.475586   29.675369   29.157932   28.821576   28.165471   27.728054   27.285775   27.260523   27.022541   26.788579   26.365056   26.120345   25.855872   26.022084   26.230600   26.200660   26.322164   26.608128   26.521423   26.201160   25.886264   25.826018   25.905100   26.003310   26.196152   26.036120   25.976282   26.002471   25.809922   25.579627   25.295275   25.185031   25.076388   25.156286   25.074061   24.843851   24.880165   24.925564   24.842531   25.018574   24.991453   24.842274   24.803291   24.910648   24.847581   24.701900   24.576953   24.574196   24.492494   24.365660   24.168086   24.163101   24.014660   23.758681   23.578680   23.374278   
11.589892   10.406392   11.304681   12.392589   12.431529   13.331890   14.561675   15.036935   15.488531   15.535320   17.136188   17.967028   19.388277   19.966602   20.416514   21.362411   22.167498   22.392806   24.170083   25.472064   26.946977   29.248776   30.628503   32.872627   37.105093   42.102697   48.773374   62.595321   2.4190000e+08  64.830700   52.575392   48.583104   45.752258   42.822004   40.459404   38.619261   37.098557   36.713269   35.656268   35.174735   34.206630   33.830956   33.380761   32.341135   31.815512   30.961753   30.383102   29.964658   29.229785   28.747741   28.229363   28.118382   27.874499   27.565528   27.056782   26.806774   26.519299   26.694331   26.853823   26.868485   26.971178   27.354625   27.273072   26.917286   26.498302   26.429653   26.427489   26.507824   26.642633   26.414494   26.356813   26.393776   26.231574   26.049710   25.811396   25.738022   25.697902   25.772998   25.636361   25.472320   25.550186   25.519228   25.446778   25.635338   25.592119   25.422343   25.367228   25.464872   25.492540   25.352772   25.217857   25.210992   25.050792   24.962391   24.801294   24.809751   24.676894   24.419284   24.235930   24.034014   
11.592436   10.329435   11.180497   12.282963   12.324952   13.284916   14.469347   14.925901   15.340063   15.387971   17.098511   17.913331   19.336166   19.839649   20.315432   21.146738   21.916066   22.115208   23.845966   25.084609   26.507406   28.320583   29.637599   31.456002   35.155526   38.758465   43.362448   50.748133   64.830700   2.4190000e+08  67.292716   55.551407   50.327236   46.116220   43.354193   41.100603   39.242333   38.795049   37.267968   36.352442   35.234549   34.983388   34.361354   33.244270   32.626236   31.727657   31.260821   30.628114   29.862237   29.340967   28.886355   28.770123   28.535183   28.228948   27.620630   27.446353   27.149667   27.270979   27.408731   27.395627   27.437662   27.779904   27.720584   27.378413   26.914515   26.874687   26.901659   27.014190   27.189593   26.881753   26.832791   26.781825   26.573390   26.381382   26.233106   26.214078   26.172172   26.241753   26.189849   26.051103   26.191251   26.160606   26.060876   26.282953   26.179458   26.040305   25.940168   26.037965   26.081150   25.917624   25.765542   25.740809   25.620303   25.507777   25.351909   25.420034   25.279032   25.029312   24.849770   24.636350   
11.614155   10.266426   11.063000   12.157727   12.235075   13.163260   14.327924   14.797600   15.074799   15.171564   16.956109   17.770814   19.178713   19.614610   20.050417   20.919674   21.665288   21.777886   23.474004   24.687709   26.090504   27.502222   28.585873   30.295714   33.481815   36.677765   40.343340   45.517002   52.575392   67.292716   2.4190000e+08  68.841874   56.411819   50.209751   47.338317   44.099955   41.632986   40.846898   39.285702   38.309152   36.953027   36.687744   35.914527   34.720563   33.994745   33.034310   32.430205   31.648635   30.789733   30.302013   29.639065   29.373803   29.106127   28.787417   28.170303   27.982709   27.746504   27.925158   28.051682   27.965971   27.997557   28.345636   28.270642   27.901460   27.509117   27.414144   27.436815   27.512115   27.702399   27.345997   27.334408   27.213488   27.023613   26.837929   26.687226   26.723352   26.613700   26.704840   26.674188   26.474358   26.627865   26.676751   26.521388   26.697369   26.543331   26.406993   26.316770   26.374353   26.372561   26.140515   25.929485   25.946071   25.799888   25.642082   25.479287   25.613393   25.439656   25.192992   25.003981   24.820740   
11.666405   10.187236   10.972731   12.083473   12.141216   13.085929   14.233266   14.685880   15.005498   15.213221   16.960283   17.747349   19.152568   19.523134   19.952246   20.785512   21.452067   21.591605   23.262648   24.466716   25.651139   27.151260   28.146003   29.614914   32.665175   35.965271   39.349947   43.077897   48.583104   55.551407   68.841874   2.4190000e+08  70.105560   56.596970   51.345493   46.697351   43.922033   42.775165   40.999486   39.922939   38.563838   38.162398   37.275377   36.060806   35.103784   34.085666   33.321542   32.536643   31.593756   31.161715   30.401569   30.043837   29.823558   29.566711   28.922089   28.692695   28.519488   28.622617   28.733187   28.559017   28.548618   28.805691   28.697210   28.301944   27.912622   27.806409   27.839408   27.910008   28.010884   27.756787   27.673460   27.570377   27.394696   27.236262   27.057255   27.120234   27.023232   27.028778   26.974722   26.708831   26.855042   26.884602   26.726559   26.893273   26.647642   26.538204   26.407614   26.469669   26.452973   26.159016   25.959779   26.022233   25.881851   25.698772   25.472270   25.527930   25.367850   25.103124   24.901592   24.712357   
